# generation_info:
#   script_name: PyFracVAL
#   timestamp: '2025-05-02T20:34:15.573332'
#   iteration: 1
# simulation_parameters:
#   N: 512
#   Df: 2.2
#   kf: 1.25
#   rp_g: 100.0
#   rp_gstd: 1.0512710963760241
#   tol_ov: 1.0e-06
#   n_subcl_percentage: 0.1
#   ext_case: 0
#   seed: 2454126382
# aggregate_properties:
#   N_particles_actual: 512
#   radius_of_gyration: 1541.6879306238554
#   center_of_mass:
#   - -1063.9760014027431
#   - -330.4434942874269
#   - 336.5789123849184
 -7.4017841509e+01  -7.2180368133e+01  -7.6838964542e+01   1.0474903316e+02
 -6.0830647486e+01   1.1230415867e+02  -4.0423278372e+00   9.4016640513e+01
 -2.2988911323e+02  -8.4050575541e+01   4.7519612318e+01   9.5005343036e+01
 -2.2195543297e+02   1.6269949048e+02   6.9845483823e+01   9.0266551008e+01
  3.4298129329e+01   8.3529079922e+01  -1.7329846116e+02   1.0226154983e+02
  7.6555701526e+01   2.0267556350e+02   8.7662287916e+01   9.4269674061e+01
 -1.1300162831e+02   1.4416941356e+02  -2.9949954414e+02   1.0096537262e+02
 -2.7542300174e+02   2.4684628804e+02  -2.3624894772e+02   1.0133114501e+02
 -5.8469302684e+01  -1.7323057712e+02   1.0255382460e+02   1.0173262363e+02
 -4.0642067235e+02   1.5393746079e+02   8.0925143363e+01   9.4738736913e+01
 -5.0613418634e+01  -2.6827440724e+02  -1.5389184081e+02   1.0723630813e+02
 -4.9213958074e+02  -7.5918370130e+00   1.5944128805e-01   1.0516760100e+02
 -2.3941181228e+02  -3.2371807648e+02  -2.2438843792e+02   1.0178188271e+02
 -5.3082244348e+02  -1.8983793629e+02  -7.7694991402e+01   9.6751484933e+01
  2.0726304053e+02   1.4764422230e+02  -4.2284409352e+01   9.8081570063e+01
 -3.4002295558e+02   2.9116333826e+02   2.0113968144e+02   9.9403307484e+01
  1.2437591377e+02   1.5273280058e+02   2.6016851531e+02   9.1578249677e+01
  1.7150772987e+02   3.1774645230e+02  -1.4665013549e+02   1.0466313562e+02
  1.4763838095e+02  -3.2526874880e+02  -1.3293954436e+02   1.0010671619e+02
 -4.8057699137e+02  -2.6496829136e+02   9.8939684778e+01   1.0166470528e+02
 -3.4783181139e+02   4.4229257545e+02   7.9496212117e+01   9.4756827948e+01
  3.3354672371e+02   6.8614299865e+01  -1.7365932316e+02   1.0054537991e+02
  8.0536533919e+01   3.4226947207e+02   2.9866482530e+02   1.0673465194e+02
 -4.4647663822e+01   2.5551075414e+02   4.4686822157e+02   1.0577983032e+02
 -4.2087418279e+02   3.1838988646e+02  -3.5501838827e+02   9.9618382361e+01
 -3.9817073239e+02  -2.9395263594e+02   2.8718112329e+02   1.0585811978e+02
 -5.3711877568e+02   4.3561614689e+02   7.2958062352e+01   9.4760656609e+01
 -3.9983628764e+02  -4.3801408894e+02   7.4687186380e+00   1.1006825612e+02
  2.3911882948e+02   4.1086349477e+02   1.8237281381e+02   1.0153756501e+02
 -5.5634409880e+02   3.8408209980e+02   2.6151267011e+02   1.0165271148e+02
 -5.5639983469e+02  -3.2629688675e+02  -2.1307256084e+02   9.7161728665e+01
  1.4953536901e+02   2.5547159212e+02   4.8474328399e+02   9.2062460724e+01
 -2.3679305426e+02  -5.3512050607e+02  -9.5372539676e+01   1.0577677304e+02
  2.3160519968e+02   3.6630016279e+02  -3.3132094473e+02   9.5517973539e+01
  3.9339986874e+02   3.2426430142e+02   7.3362423148e+01   1.0627322547e+02
  4.5434801919e+02  -7.4762785038e+01  -2.0702342842e+02   8.9883360007e+01
 -1.8801767396e+02  -5.1809219053e+02  -2.9375974467e+02   9.9226847320e+01
 -6.1456272404e+02   3.4437683535e+02  -2.9070168790e+02   1.0611739594e+02
  4.7964891906e+02   2.4522395014e+02  -9.7075614709e+01   1.0045219765e+02
 -7.0784653839e+02   2.5100418947e+02   2.4841815486e+02   1.0042199191e+02
  5.2352759515e+02   4.8989209795e+01  -4.2615962797e+01   1.0787270538e+02
 -6.6535590585e+02  -2.2926235771e+02  -3.2779730384e+02   8.8442398241e+01
 -7.2484531593e+02   6.8343109374e+01   3.3347496332e+02   1.0178752637e+02
 -4.7499784036e+02  -5.0866691098e+02  -2.4405726150e+02   1.0494013202e+02
 -8.0853597136e+02   2.9037352355e+02   8.3067317173e+01   9.7136115754e+01
 -6.1435789106e+02  -1.9768221108e+02  -5.0761681325e+02   1.0111803839e+02
 -6.8500807752e+02   2.7168496450e+02   4.4036927546e+02   9.3986141793e+01
  1.7076649202e+02   4.9685974789e+02  -4.5620410789e+02   9.5120317608e+01
 -9.7481346485e+01  -6.6834875743e+02  -1.5965203489e+02   9.7421092082e+01
 -8.6986093467e+02   2.8525567537e+02  -1.0187154069e+02   9.7772387504e+01
  4.2157845473e+02   3.3834606624e+02  -3.3189836330e+02   9.6501823776e+01
 -7.8428366119e+02   5.8751791351e+02  -2.9101419223e+02   1.0103369064e+02
 -7.7943840474e+02   7.4524113942e+02  -1.6756783853e+02   9.9313744441e+01
 -9.4971111616e+02   6.7701702996e+02  -3.5756570955e+02   9.8479314343e+01
 -8.0503563589e+02   5.7914903229e+02  -4.8874482469e+02   9.7958986699e+01
 -1.0599159686e+03   5.8457768442e+02  -2.2170662964e+02   9.9378795679e+01
 -7.6374198187e+02   4.0173543036e+02  -4.1723216299e+02   9.7731618077e+01
 -1.1343585098e+03   4.9407546814e+02  -3.7644291064e+02   9.4723393252e+01
 -1.0274941307e+03   4.5983691876e+02  -6.9075820767e+01   1.0039006578e+02
 -6.1630093053e+02   6.1748238674e+02  -4.4904918962e+02   9.8677679548e+01
 -6.4744106900e+02   8.0455831275e+02  -4.4409695935e+02   9.1036934807e+01
 -7.5954595831e+02   6.5540407643e+02  -6.6657614574e+02   1.0080751266e+02
 -1.1961526126e+03   6.4211415525e+02  -4.9836189478e+02   1.0676656363e+02
 -1.1551528660e+03   3.3747675964e+02  -2.5572175976e+02   1.0409601481e+02
 -1.3224558392e+03   5.9218511391e+02  -3.4866074195e+02   9.5361735687e+01
 -1.2975450588e+03   7.8017200571e+02  -2.8134545630e+02   1.0586193626e+02
 -7.8441064030e+02   2.0127566596e+02  -3.8012926248e+02   1.0717796151e+02
 -6.6700416650e+02   4.8328648086e+02  -7.0065011962e+02   9.7559535088e+01
 -8.9109742878e+02   6.8573373850e+02  -8.1836261344e+02   1.0232990281e+02
 -9.2720109093e+02   1.0179901935e+02  -4.9399110926e+02   1.0078654546e+02
 -7.6409066699e+02   7.1324811142e+02   2.2457441381e+01   9.3996146411e+01
 -6.0193749985e+02   7.4374015800e+02  -5.8306337944e+01   8.9705248706e+01
 -8.7332946288e+02   7.5918510627e+01  -2.3689467226e+02   1.0291040379e+02
 -1.2185561911e+03   1.5581110829e+02  -1.9277367588e+02   9.8351143169e+01
 -7.1441610285e+02   9.0915005974e+02  -7.8691938325e+01   9.8152605960e+01
 -6.6120816221e+02   5.8099302574e+02   1.1838819485e+02   9.9081368951e+01
 -1.0705753633e+03   1.5213294416e+01  -3.9316005219e+02   9.4713254568e+01
 -8.6630184009e+02   9.1796248579e+02   4.6413531854e+01   9.8820272120e+01
 -7.7059084197e+02   1.0581117957e+03  -2.0907410642e+02   1.0762569670e+02
 -6.7703102429e+02   6.2294934702e+02  -8.4154137968e+02   9.5342574993e+01
 -4.8633395763e+02   5.4535940923e+02  -7.4462042917e+02   9.8471485246e+01
 -5.3001335685e+02   9.7070850016e+02  -1.1497520143e+02   9.9610609777e+01
 -9.0435961925e+02   8.2195442248e+02   2.0991851439e+02   9.4570063955e+01
 -1.1014773725e+03   9.4383141597e+01  -6.0022407271e+02   1.0345022907e+02
 -1.4854021448e+03   4.9600225422e+02  -2.8300747435e+02   1.0492054645e+02
 -1.4964311735e+03   7.3286540129e+02  -2.5462129053e+02   1.0031221944e+02
 -1.4028224781e+03   9.6141702827e+02  -2.7204080327e+02   1.0394671413e+02
 -8.3207239403e+02   1.1077680093e+03   2.6720507664e+01   9.5049805380e+01
 -6.6598903183e+02   9.9878960938e+02   9.8182534872e+01   1.0596747962e+02
 -9.7808372599e+02   8.3049983521e+02  -9.2278895691e+02   9.6236710367e+01
 -1.4850636102e+03   9.4697414079e+02  -4.5298059806e+02   9.5330505232e+01
 -1.5764248879e+03   7.5079380117e+02  -4.4313109665e+02   1.0525132032e+02
 -9.7626781711e+02   1.0205023888e+03  -8.7296816393e+02   1.0019744984e+02
 -3.7172334398e+02   6.9856539275e+02  -6.9564483097e+02   9.9028578972e+01
 -1.3918839464e+03   1.1603094674e+03  -2.7523186934e+02   9.5271851093e+01
 -3.4078349372e+02   9.2650088408e+02  -1.7635698684e+02   1.0417844293e+02
 -4.8882108695e+02   1.1629030057e+03  -1.5362465272e+02   1.0071240728e+02
 -1.5641219708e+03   6.6152476664e+02  -6.3634677053e+02   1.0794487788e+02
 -9.6643852483e+02   6.2917789222e+01  -7.5125884516e+02   1.0157918652e+02
 -3.9511114907e+02   9.4100680254e+02   2.9120805763e+01   1.0000015094e+02
 -3.4239812843e+02   7.5114450011e+02   7.8651334944e+01   1.0317373948e+02
 -1.2621334131e+03   1.1036468009e+02  -7.1938697332e+02   9.7212597185e+01
 -7.5255269763e+02  -8.8096777594e+01   5.4946394934e+02   1.0200339985e+02
 -8.6142328226e+02   7.2728739949e+01   4.9812329002e+02   9.8878442507e+01
 -9.5597513218e+02   2.9842573962e+01   6.5979379198e+02   9.3258557468e+01
 -8.4822818652e+02   2.2810930808e+02   6.2580834353e+02   1.0266734483e+02
 -1.0487113193e+03   2.1689674369e+02   6.4293235973e+02   9.8857939069e+01
 -7.0501838210e+02   2.1880332001e+02   7.6772324064e+02   9.9162998572e+01
 -9.1323397611e+02  -1.0401864433e+02   4.2114085374e+02   1.0074690995e+02
 -9.7730397873e+02   2.8382456515e+02   8.1552274834e+02   9.9550185286e+01
 -1.1070280200e+03  -5.6051166413e+01   4.3004484703e+02   9.9093755277e+01
 -5.8716327225e+02  -4.4045032386e+00   4.7154807009e+02   9.9066098212e+01
 -9.5669505608e+02   4.2861772792e+02   6.7431767283e+02   1.0374433265e+02
 -1.2520099015e+03   6.5484201694e+01   5.0113780971e+02   1.0300721210e+02
 -1.2996845067e+03   1.3845276213e+02   6.9168721748e+02   1.0653122254e+02
 -1.2723951567e+03   3.3998732484e+02   7.3468869381e+02   1.0133896666e+02
 -1.1386446009e+03   5.2467383038e+02   6.3486944568e+02   1.0575166801e+02
 -7.3144836330e+02   2.9028610425e+02   9.5065736099e+02   9.9011734266e+01
 -8.8794073014e+02   2.6385603570e+02   1.0687843066e+03   9.8832610294e+01
 -1.3885917822e+03  -3.6082621937e+01   6.5288030095e+02   9.3151227091e+01
 -7.5065256723e+02  -2.5236288423e+02   6.6681817066e+02   9.9885127673e+01
 -6.8602175473e+02   1.2223584080e+02   1.0489292619e+03   1.0089282878e+02
 -5.3804435459e+02   1.6539296905e+02   3.9872476207e+02   9.2106817906e+01
 -4.6819079197e+02  -4.1534056410e+01   6.2181055616e+02   9.6156517033e+01
 -4.3797956870e+02   1.7835476515e+00   7.9880588494e+02   8.8549950756e+01
 -1.3398947193e+03   4.1530552981e+02   5.6285463528e+02   9.8050016547e+01
 -1.4467552387e+03   2.1175107229e+02   5.6497352549e+02   1.0097492726e+02
 -1.0429029444e+03   6.7563128608e+02   7.3709917503e+02   1.0017437643e+02
 -8.9199190477e+02  -3.8704570739e+02   6.3936409438e+02   9.7269627520e+01
 -5.1279207231e+02   4.1790509118e+01   1.0062146532e+03   9.4822556545e+01
 -1.2889690712e+03   5.7475553279e+02   7.7364181552e+02   1.0487452674e+02
 -1.1441289843e+03   6.8899321902e+02   5.1742993392e+02   9.6295303920e+01
 -5.8723200050e+02  -7.8821025457e+01   2.8764674634e+02   9.9321200732e+01
 -1.3623990262e+03   5.0602856795e+02   3.9094343237e+02   9.7629760555e+01
 -5.5170161448e+02  -2.7191891822e+02   6.6574769937e+02   1.0002751818e+02
 -3.6184357429e+02   8.2026206136e+01   5.0064078462e+02   1.0696655582e+02
 -9.4268964599e+02   3.5582394588e+02   1.2374384074e+03   1.0091659750e+02
 -1.5436119269e+03   3.4689634185e+01   7.2984971874e+02   9.3836068661e+01
 -5.9794287161e+02  -3.2529858246e+02   8.6303546675e+02   1.0951986446e+02
 -4.4153852907e+02   5.4489551136e+01   2.5127881316e+02   1.0147950647e+02
 -1.0915944799e+03   4.8178512668e+02   1.1971723665e+03   9.8232147595e+01
 -3.2082374305e+02  -1.4473496040e+02   6.9603849438e+02   9.8464295071e+01
 -3.3089427154e+02   8.8093490148e+01   1.0319813132e+03   9.4636401396e+01
 -1.5180496561e+03   3.1923985269e+01   9.1983363373e+02   9.7879779558e+01
 -2.2604603725e+02   1.7876444842e+02   6.2794132861e+02   1.0280638592e+02
 -8.1421957112e+02   2.6601642501e+02   1.3632928540e+03   1.0010402996e+02
 -6.7880477695e+02   1.1693832559e+02   1.3677540895e+03   1.0134409941e+02
 -1.5847232803e+03   2.2238094527e+02   7.4794495990e+02   9.9155147188e+01
 -1.4810072827e+03   5.6919278206e+02   7.3194974317e+02   9.1716032037e+01
 -1.1818823041e+03   8.1501619335e+02   6.6469343756e+02   1.0117277634e+02
 -1.1171928500e+03   8.4997601459e+02   8.5356328526e+02   1.0150611734e+02
 -1.3565326657e+03   7.3838576433e+02   8.8550911762e+02   1.0453890471e+02
 -1.1048538645e+03   8.2995246439e+02   1.0562623903e+03   1.0255299245e+02
 -4.7314691348e+02   3.6655658455e+02   1.6536873796e+03   1.1143425930e+02
 -6.7353183806e+02   3.3560271138e+02   1.7086283753e+03   9.8638997603e+01
 -5.9889480195e+02   3.5558468348e+02   1.8862649963e+03   9.5074025987e+01
 -6.0120036965e+02   5.4639913725e+02   1.8722783365e+03   9.6266241764e+01
 -4.8397777582e+02   5.6799080089e+02   1.5837297983e+03   1.0207713213e+02
 -5.2034240894e+02   3.8395160765e+02   1.4452078552e+03   1.0302719116e+02
 -8.4915275378e+02   4.2401203852e+02   1.7486945841e+03   1.0202045584e+02
 -3.4019626292e+02   4.4462764955e+02   1.4830967341e+03   9.0802071680e+01
 -7.7155149878e+02   4.4637167210e+02   1.9407635671e+03   1.0633597486e+02
 -5.6010352725e+02   7.1379177019e+02   1.4917027254e+03   8.6395769986e+01
 -8.5297400466e+02   6.2902091193e+02   1.8789377432e+03   1.0297910289e+02
 -2.4097072510e+02   4.2925441163e+02   1.6525585411e+03   1.0617342895e+02
 -4.9781484224e+02   5.3232836289e+02   1.3148233034e+03   9.5777446811e+01
 -2.4657338823e+02   2.3430993780e+02   1.5816744542e+03   1.0133389980e+02
 -9.1287577491e+02   2.3125688992e+02   1.7449133084e+03   1.0102995362e+02
 -7.1279603561e+02   7.7218591994e+02   1.4221702919e+03   9.1254555497e+01
 -7.2697085175e+02   7.9303111897e+02   1.9118426504e+03   1.0644600420e+02
 -3.4494044728e+02   3.4285809018e+02   1.3148074931e+03   1.0592316602e+02
 -8.5210436016e+02   1.9140274253e+02   1.9340563647e+03   1.0159436295e+02
 -7.2579606154e+02   9.1626087681e+02   1.7460699301e+03   1.0011524136e+02
 -1.0348032752e+03   2.6341593117e+02   1.5770576487e+03   1.0891299519e+02
 -5.5371681199e+02   8.4150111248e+02   2.0094254962e+03   9.8221321832e+01
 -3.1533864693e+02   1.2923369106e+02   1.4339047763e+03   9.2587620795e+01
 -2.9295704094e+02   5.3141656217e+02   1.2538698915e+03   9.8942553860e+01
 -3.8730349951e+02   7.5120870830e+02   2.0685561417e+03   1.0012822332e+02
 -6.8725996411e+02   8.0015543429e+02   1.2362619566e+03   9.8472337143e+01
 -1.7834482202e+02   1.2192615464e+02   1.7329824943e+03   9.9114035947e+01
 -5.0208681807e+02   7.8207265524e+02   1.1829653621e+03   9.5064759831e+01
 -5.0289366131e+02   6.1013471301e+02   1.0889359376e+03   1.0090676779e+02
 -6.1354742460e+02   7.3235584221e+02   2.1616407586e+03   9.8404918427e+01
 -6.8023558297e+02   5.5667510017e+02   1.0568593422e+03   8.7074601912e+01
 -8.6449526706e+02   8.0510397721e+02   2.0636308518e+03   9.8732885493e+01
 -3.9307360444e+02   9.5886800020e+02   2.0057975137e+03   1.0076206622e+02
 -2.7078084827e+02   7.0527112766e+02   1.1560204784e+03   1.0178537418e+02
 -7.5549740840e+02   2.9238462312e+01   1.9789263048e+03   9.2424884636e+01
 -1.0112569705e+03   7.0166080077e+01   1.5220578624e+03   9.3386065383e+01
 -8.6417701940e+02   6.0119152645e+02   1.0831041786e+03   1.0398809902e+02
 -1.2967486779e+02   7.8643355000e+02   1.2570356271e+03   8.9793060878e+01
 -7.9760731419e+02   9.6205132896e+02   1.1959845220e+03   1.0155038687e+02
 -1.0437102201e+03   8.3303864896e+02   1.9812418157e+03   1.0048131715e+02
 -2.6287287324e+02   9.0389071758e+02   1.1701692092e+03   9.7494489707e+01
 -5.2978721539e+02   5.8320119395e+02   2.2732963139e+03   1.0587392229e+02
 -5.6666012531e+02   9.2195926636e+02   1.0593512221e+03   1.0246607721e+02
 -1.1946739279e+03   7.9127339642e+02   1.8536337372e+03   1.0155382606e+02
 -8.9713167570e+02  -7.6476384627e+01   1.5691757803e+03   9.8313422214e+01
 -7.1242624953e+02   8.8013712236e+02   2.2388796427e+03   9.5456305128e+01
 -8.9635845895e+01   9.0626491451e+01   1.5497956611e+03   1.0681402725e+02
 -7.2786004389e+02   6.8116718374e+02   2.3196127750e+03   1.0319570568e+02
 -5.3858741526e+02   7.4744915572e+02   9.4654512317e+02   1.0010179988e+02
 -8.8240974725e+02   4.3468062133e+02   9.6223563255e+02   1.0257307672e+02
  3.4619364499e+00   2.0613789769e+02   1.8014335282e+03   1.1261895424e+02
 -2.6721280278e+03  -9.5187293531e+02   4.4042362430e+02   9.6682967657e+01
 -2.7882817802e+03  -1.1136658246e+03   4.5540957494e+02   1.0304988378e+02
 -2.9390243413e+03  -9.7111164347e+02   4.4515000839e+02   1.0467655417e+02
 -2.6816867460e+03  -9.3412093714e+02   6.3293498289e+02   9.6881300016e+01
 -2.9881071222e+03  -9.3155628565e+02   6.3554016939e+02   9.5878074574e+01
 -2.6913748718e+03  -1.0907217209e+03   7.4389367749e+02   9.5289189799e+01
 -2.8476899829e+03  -9.8264236193e+02   2.5256980408e+02   1.0877615159e+02
 -2.4874088351e+03  -9.6531048776e+02   5.2495345194e+02   1.0690249287e+02
 -3.0092158358e+03  -7.9986353129e+02   3.5970925978e+02   9.9168689442e+01
 -3.1268283406e+03  -1.0107726055e+03   3.7226638781e+02   1.0064114155e+02
 -3.1025473491e+03  -7.3276290459e+02   5.2265545113e+02   1.0024225997e+02
 -3.1611726242e+03  -8.6195453810e+02   6.8979940071e+02   9.8390130385e+01
 -2.9950657492e+03  -6.0339406128e+02   3.2405656661e+02   1.0101021087e+02
 -2.5031815330e+03  -7.5862969149e+02   5.5695050003e+02   1.0283434374e+02
 -2.7566942231e+03  -1.0797353212e+03   1.0020232892e+02   9.3518481377e+01
 -2.4902022676e+03  -9.7520019031e+02   7.2582266752e+02   9.4229432111e+01
 -2.3928967761e+03  -8.1517257465e+02   4.0075217456e+02   9.6559091725e+01
 -3.0724059648e+03  -5.7671497546e+02   6.4499537878e+02   1.0032323339e+02
 -2.4380428735e+03  -1.1417819992e+03   6.2404816824e+02   1.0142166632e+02
 -2.9532280753e+03  -1.0951789353e+03   7.3874272200e+01   1.0537150540e+02
 -2.6373699306e+03  -1.0634589846e+03   9.1937029752e+02   9.0322864369e+01
 -2.5121302551e+03  -8.8231034821e+02   8.9730267262e+02   1.0202232342e+02
 -2.8635205275e+03  -4.5383597411e+02   2.9777314941e+02   9.9894206208e+01
 -2.8051551464e+03  -1.1466139935e+03   9.6268195165e+02   1.0188154128e+02
 -2.9985967161e+03  -6.0521310317e+02   1.2431193610e+02   9.8773907767e+01
 -3.3363766869e+03  -8.4086991924e+02   6.1547825048e+02   9.3090046348e+01
 -3.0762663764e+03  -5.2961204774e+02   8.3407737914e+02   9.4575692808e+01
 -2.4733412645e+03  -1.3286587518e+03   5.6248862903e+02   9.8474491565e+01
 -3.3566473792e+03  -1.0370655662e+03   6.1669162280e+02   1.0415372444e+02
 -2.3570718756e+03  -1.2338925290e+03   4.3363614429e+02   9.9268196376e+01
 -2.7264147259e+03  -9.8514351011e+02  -6.4352877070e+01   9.8686811210e+01
 -3.1933624949e+03  -6.2009961198e+02   1.3988376910e+02   9.7179654893e+01
 -2.4806994086e+03  -1.1789511823e+03   9.0535427900e+02   1.0481951686e+02
 -2.2101513310e+03  -8.8503057190e+02   3.8088782715e+02   1.0008940127e+02
 -2.9939573396e+03  -6.2284714281e+02   9.9794540236e+02   1.1114326482e+02
 -2.4355835281e+03  -1.3823246625e+03   3.1909392721e+02   1.0399541901e+02
 -3.2559688170e+03  -5.5736054906e+02   7.8348209645e+02   9.4164417140e+01
 -3.3387733925e+03  -7.4630042524e+02   1.9722704592e+02   1.0371640231e+02
 -3.4728011954e+03  -7.9125297798e+02   4.9709449548e+02   9.4228401290e+01
 -2.8390214704e+03  -4.8055405408e+02   1.0206247709e+03   1.0043839892e+02
 -2.2158413029e+03  -1.1673220939e+03   5.5766016024e+02   1.0013003336e+02
 -2.1574968878e+03  -9.6460812413e+02   5.8465323930e+02   1.1253319956e+02
 -3.4278937593e+03  -6.7587790793e+02   6.6925015282e+02   1.0309648690e+02
 -2.9128310366e+03  -1.0444466750e+03  -1.3535485640e+02   1.0942178385e+02
 -2.4583087607e+03  -1.5180175465e+03   5.0798990073e+02   9.9143424305e+01
 -2.1581592551e+03  -9.6545975397e+02   2.0724645713e+02   9.8211770350e+01
 -3.0816717449e+03  -9.1229277367e+02  -1.5076645255e+02   1.0554183098e+02
 -2.3165105362e+03  -1.3483955245e+03   1.5503427362e+02   1.0154079129e+02
 -3.2726292447e+03  -8.9384744759e+02  -7.4127413219e+01   1.0104601745e+02
 -2.0603243609e+03  -8.0513272851e+02   5.0236677223e+02   9.1540229498e+01
 -2.1006253651e+03  -1.0577512680e+03   7.5234058957e+02   8.7539444195e+01
 -2.8559355494e+03  -2.1264588524e+02   1.1081963067e+03   9.8665906353e+01
 -2.7562713152e+03  -7.2723816031e+01   1.2062100052e+03   9.9116373232e+01
 -2.8855732643e+03  -6.9585953473e+01   9.8279835823e+02   9.3867684778e+01
 -2.7474945173e+03  -2.8412854406e+02   9.6529909570e+02   9.4437280775e+01
 -3.0124798229e+03  -1.0200289944e+01   1.1178512228e+03   1.0073757686e+02
 -2.9538031705e+03  -3.7739860921e+02   1.1420535225e+03   9.5930708111e+01
 -3.1124467295e+03  -1.1410578726e+02   1.2547697787e+03   9.8100110078e+01
 -2.9409018346e+03   1.1658109115e+02   1.2630884183e+03   1.0490962097e+02
 -2.7748060486e+03  -4.0875103849e+02   1.2252432760e+03   1.0392794086e+02
 -3.1114283410e+03  -2.3864875633e+02   1.4132547113e+03   1.0346740244e+02
 -2.8844741413e+03  -1.5683401976e+02   8.1057587916e+02   9.9197111186e+01
 -3.2458610661e+03   2.1443964859e+01   1.2190720611e+03   9.5413319850e+01
 -2.5926204520e+03   2.9250934453e+01   1.2305719515e+03   9.5238866436e+01
 -2.6157853311e+03  -3.5903968953e+02   1.3296196706e+03   9.2676328054e+01
 -2.8290318341e+03  -4.8771410928e+02   1.4070285640e+03   1.0155075227e+02
 -2.6718641745e+03  -2.0477228002e+02   8.1036187060e+02   9.5359740048e+01
 -2.5295718907e+03   7.7514270444e+01   1.0558961696e+03   9.6636352048e+01
 -2.5146847136e+03   1.5046660327e+01   1.4008739501e+03   9.2586881211e+01
 -2.8962338201e+03   3.0579593356e+02   1.1878797966e+03   1.0354618943e+02
 -2.9920613758e+03  -3.8496335760e+02   1.5281810440e+03   1.1758575151e+02
 -2.6980900874e+03  -4.0961266263e+02   8.1769368288e+02   1.0549875800e+02
 -3.0688791517e+03  -1.4121498978e+02   7.2487827786e+02   1.0474709884e+02
 -2.6977655814e+03  -4.6866234199e+02   1.5431454214e+03   8.8506075569e+01
 -2.8314178640e+03  -2.3141122414e+02   6.4086283124e+02   9.3622095873e+01
 -3.1157343101e+03   6.3216099937e+01   7.5276068499e+02   1.0683008552e+02
 -2.8076702383e+03  -3.1036874631e+02   1.6396219332e+03   1.1041319454e+02
 -2.4841441810e+03  -1.9973733676e+02   7.5089172837e+02   1.0161955953e+02
 -2.6316900512e+03  -2.9219351357e+02   6.3492592798e+02   1.0472574724e+02
 -3.3827981004e+03  -8.6224447749e+01   1.3051098907e+03   9.8871899699e+01
 -2.9849002947e+03  -6.1029191841e+02   1.4787758995e+03   1.0932356205e+02
 -3.0762479978e+03   2.5977150824e+02   8.1303354387e+02   1.0251655265e+02
 -2.7419999067e+03   4.1894261730e+02   1.1248030813e+03   9.7871148673e+01
 -2.6401083524e+03  -1.0964931347e+02   5.5585164754e+02   9.4387272461e+01
 -2.7637589295e+03  -6.7421931278e+02   1.4450752789e+03   9.9676222877e+01
 -2.7105221264e+03  -1.6727516210e+02   1.7416012327e+03   9.0368545219e+01
 -2.5251662298e+03  -5.5271088293e+02   1.5119553212e+03   1.0598689536e+02
 -3.3197938205e+03   4.0058866076e+01   7.7182828119e+02   9.9422464716e+01
 -2.7885082208e+03  -4.1053581036e+02   5.4673230388e+02   1.1062269798e+02
 -2.3444054302e+03  -1.2326595632e+01   1.4947272369e+03   1.0376170911e+02
 -2.5219331516e+03  -4.7219364397e+02   6.2521636851e+02   1.0632140270e+02
 -3.3846954927e+03   1.1710705216e+02   1.3397392794e+03   1.0739611410e+02
 -2.6008407838e+03  -7.6929106135e+02   1.3786468958e+03   1.0030800064e+02
 -2.8885530202e+03  -2.6060705736e+02   4.3627920891e+02   1.0077143403e+02
 -3.3906969047e+03  -8.1740760718e+01   1.5145957811e+03   1.1081079595e+02
 -2.4355990396e+03   1.0331562868e+02   1.6216952925e+03   9.0686961612e+01
 -2.2159378340e+03   5.5520481776e+01   1.3507004219e+03   1.0081314922e+02
 -2.3855989393e+03  -6.7240304938e+02   1.4251378464e+03   9.7341698831e+01
 -3.5241134332e+03  -2.2863733944e+02   1.3457473717e+03   1.0582998077e+02
 -2.6101588157e+03  -7.5103106169e+02   1.5746377963e+03   9.6752107968e+01
 -2.5196058935e+03  -6.2764666890e+00   1.7724268602e+03   1.1373315576e+02
 -2.1069009124e+03  -1.0861113137e+02   1.3650593412e+03   9.6758142348e+01
 -1.8577862262e+03  -1.3444823899e+03   1.4869940990e+02   9.9219554981e+01
 -1.7610307879e+03  -1.4890936905e+03   2.3774440673e+02   9.6236462013e+01
 -1.8804020800e+03  -1.6009259496e+03   1.2396228999e+02   1.0301797241e+02
 -1.8376728926e+03  -1.3317341730e+03   3.5520738453e+02   1.0865686698e+02
 -1.9179300166e+03  -1.4704969494e+03  -2.9186063325e+01   1.0161459642e+02
 -1.6655074624e+03  -1.2476728357e+03   2.7297553768e+02   9.9836107528e+01
 -1.8226680022e+03  -1.1251010797e+03   3.0203017987e+02   1.0157750388e+02
 -1.9582609828e+03  -1.2743663125e+03  -7.7270761923e+01   1.0431245823e+02
 -1.8010831140e+03  -1.3900973600e+03  -1.7553431344e+02   1.0218703005e+02
 -1.6158921796e+03  -1.4703494420e+03  -1.3841591204e+02   1.0302957398e+02
 -2.0378387634e+03  -1.6299356196e+03   2.6517596772e+02   1.1045140008e+02
 -1.8453920460e+03  -1.2078843812e+03  -2.2835088655e+02   9.2631966691e+01
 -2.1993709784e+03  -1.4898948355e+03   2.6555055571e+02   1.0333404852e+02
 -1.5624113281e+03  -1.1107529854e+03   1.5930355497e+02   1.0582666973e+02
 -1.9486248915e+03  -1.3904800516e+03  -3.1149110260e+02   9.8444400887e+01
 -1.4688580608e+03  -1.5752747740e+03  -4.3809832776e+01   1.0087890450e+02
 -1.5447587414e+03  -1.7499407119e+03   2.1287226494e+01   1.0038393433e+02
 -1.4949794337e+03  -1.2022106666e+03   3.6619034081e+02   9.9752511633e+01
 -1.8228325174e+03  -1.0239398126e+03  -2.1912705397e+02   9.2920224802e+01
 -1.5384474361e+03  -1.3380271934e+03   5.0247192223e+02   9.7499270646e+01
 -1.8668999953e+03  -1.5727073356e+03  -3.5578188413e+02   1.0612200648e+02
 -1.9253981084e+03  -1.7559907624e+03   4.0525660366e+02   1.0899195138e+02
 -1.6220053582e+03  -9.3927131606e+02   2.5729746164e+02   1.0047460779e+02
 -1.3817751357e+03  -1.5213249330e+03  -2.2272985832e+02   1.0529189056e+02
 -1.5717847877e+03  -1.1188615722e+03   5.2048907215e+02   9.1700439291e+01
 -1.8093163789e+03  -8.6606275617e+02   2.8249799230e+02   1.0220735601e+02
 -2.0180447370e+03  -9.7409934496e+02  -2.0229608922e+02   1.0925584764e+02
 -1.6480451594e+03  -1.8829495561e+03  -9.1939985028e+01   1.0254422588e+02
 -2.0669060195e+03  -1.1081534170e+03  -3.5434729611e+02   9.9256714711e+01
 -1.6035167169e+03  -1.4802720191e+03   6.2639719266e+02   1.0206293622e+02
 -2.1151995472e+03  -1.8027828379e+03   3.4664902018e+02   9.5088751662e+01
 -1.4686243597e+03  -9.4304803352e+02   3.8906413865e+02   1.0176893715e+02
 -1.4466413070e+03  -1.8908138037e+03   1.2674730061e+02   1.0109580697e+02
 -1.9065557975e+03  -8.1171117131e+02  -1.2749571467e+02   1.0144488467e+02
 -1.5607458167e+03  -1.2716370045e+03   6.9175737993e+02   1.0432703948e+02
 -1.7595370084e+03  -1.3197826623e+03   7.5402094436e+02   1.0947823105e+02
 -1.6914442451e+03  -2.0081592159e+03   6.1152519989e+01   9.9936031551e+01
 -1.4859204678e+03  -7.8531820694e+02   2.1972974601e+02   1.0840811163e+02
 -1.7307282385e+03  -7.2483798262e+02  -1.0522894843e+02   9.5933154404e+01
 -1.3851339188e+03  -1.4486367657e+03  -4.2138911534e+02   1.0627453278e+02
 -1.8897643774e+03  -8.3091880250e+02  -3.2208851863e+02   9.4813221490e+01
 -1.1753820759e+03  -1.5189377998e+03  -2.4213753371e+02   1.0202538180e+02
 -1.2574005136e+03  -1.8668808096e+03   8.6590874981e+01   9.3833422784e+01
 -1.3151810240e+03  -1.6410279355e+03  -4.0271447377e+02   9.9289354951e+01
 -1.9587511692e+03  -1.7277821059e+03  -4.6460167670e+02   1.0441675421e+02
 -1.5449624485e+03  -2.0159410184e+03  -1.9774685892e+02   9.6221638662e+01
 -2.0950579912e+03  -1.1778448427e+03  -5.2729348081e+02   8.9316377598e+01
 -2.2805829608e+03  -1.8211370790e+03   2.5944284104e+02   9.2776810239e+01
 -1.5506100729e+03  -6.7420257856e+02  -3.7124688071e+01   1.0317658413e+02
 -1.9646587675e+03  -1.2474776430e+03  -6.3931437955e+02   9.6159675212e+01
 -1.4809967692e+03  -2.0345498804e+03   2.7009087651e+02   1.0478701962e+02
 -1.8093897575e+03  -5.1135721966e+02   3.8192547665e+02   1.0399657059e+02
 -1.6854881631e+03  -3.7756950064e+02   2.8266259284e+02   1.0361816628e+02
 -1.5422285842e+03  -4.6131970677e+02   4.0435091572e+02   1.0216193937e+02
 -1.8203643744e+03  -4.5790148530e+02   1.5567602637e+02   9.8298668622e+01
 -1.7002247272e+03  -6.2154302088e+02   5.1824700497e+02   1.0250154977e+02
 -1.7755338465e+03  -6.4317449217e+02   1.1954363883e+02   9.5715281230e+01
 -1.4438332108e+03  -3.9493321694e+02   2.4540567372e+02   9.6212467988e+01
 -1.5754607474e+03  -3.3542174504e+02   5.7099655720e+02   1.0932196843e+02
 -1.5092273737e+03  -2.4525676444e+02   1.4078582118e+02   9.7758536326e+01
 -1.3953268189e+03  -1.9546207133e+02   2.9733808181e+02   1.0214508584e+02
 -1.6688016258e+03  -1.6839306998e+02   5.0299015445e+01   1.0113799831e+02
 -1.6451600181e+03  -1.4211145345e+02   5.9889263963e+02   9.8054617980e+01
 -1.7268158149e+03  -3.1135553239e+02  -6.4845958241e+01   9.1377654956e+01
 -1.4031326461e+03  -2.5694380249e+02  -2.3184524665e+01   9.7891540072e+01
 -1.3074604740e+03  -1.1256086027e+02   1.3551210467e+02   9.9797362003e+01
 -1.3332291673e+03  -4.1705934038e+00   3.2722725398e+02   1.0118201633e+02
 -1.5057709163e+03  -1.2084554165e+02  -1.2247193481e+02   9.9378176098e+01
 -2.0049686744e+03  -4.0271738919e+02   9.3100962182e+01   1.0428383474e+02
 -2.0694899768e+03  -2.2786956020e+02   1.7723406814e+02   1.0019878383e+02
 -1.5560417771e+03  -7.4289127620e+02   4.7358003911e+02   9.1171525308e+01
 -1.5815340225e+03  -2.6279172832e+02  -2.4278691376e+02   1.0153091365e+02
 -1.1963799783e+03  -2.9769308672e+02  -3.1638258591e+01   1.1300804604e+02
 -2.0331032767e+03  -6.1751783228e+01   8.1944433943e+01   9.4735107930e+01
 -1.3870102781e+03  -6.7132574164e+02   5.2804511713e+02   1.0029575161e+02
 -2.0515982850e+03  -1.9869492086e+02  -5.6434151411e+01   1.0082593410e+02
 -1.3466623669e+03   2.4547772050e+00  -1.3884443231e+02   1.0257864547e+02
 -1.9173020403e+03  -6.5583417936e+02   4.9680724478e+02   1.0981753865e+02
 -1.3323568571e+03  -5.2111881868e+02   6.5507008651e+02   1.0387197105e+02
 -1.6692060418e+03  -8.8177684375e+02   4.3492748912e+02   9.2102508032e+01
 -1.8181973082e+03  -6.7883864385e+02   6.7754495831e+02   9.7588040836e+01
 -1.9304179285e+03  -5.2810923506e+02   7.2876234034e+02   9.7183729498e+01
 -1.3493427414e+03  -3.6089780649e+02   7.8780762903e+02   1.0488278509e+02
 -1.5517109564e+03  -8.5818188541e+02   6.3136213407e+02   1.0429169391e+02
 -1.7519060457e+03  -8.5889261271e+02   6.7528071860e+02   9.4294970310e+01
 -1.1542714063e+03  -4.7243715392e+02   7.2220209082e+02   9.2574047713e+01
 -2.2230484792e+03  -3.3334244382e+02   1.2024587979e+02   9.4614964264e+01
 -1.6294113134e+03  -5.3081554407e+01  -2.5279090815e+02   9.2616460782e+01
 -1.4007458677e+03  -1.7921595454e+02  -2.8384360515e+02   1.0181372710e+02
 -1.1561891597e+03  -2.7907651083e+02   7.3109508302e+02   1.0100048932e+02
 -1.5686076003e+03  -4.0912504872e+02  -3.8047958762e+02   9.9814077571e+01
 -1.0023934677e+03  -2.1848531264e+02   2.8751531581e+01   1.0505516623e+02
 -1.2655867451e+03  -6.8262422576e+02   7.7086554689e+02   1.0577256863e+02
 -1.7300239623e+03  -2.6393028036e+02  -3.8411214091e+02   1.0346513102e+02
 -1.1389401847e+03  -7.6750744763e+02   6.2526112388e+02   1.0504764058e+02
 -1.1333608772e+03  -7.8223578088e+01   7.2653796173e+02   1.0119693506e+02
 -1.3772391914e+03  -4.5643786531e+02  -4.0828017361e+02   9.9266918784e+01
 -1.9372258769e+03  -8.8421681263e+02   6.2502022786e+02   9.9382266040e+01
 -9.9497334692e+02  -7.8654263895e+02   4.7167938046e+02   1.0631967195e+02
 -9.8504404702e+02  -5.6240260634e+02   7.2216818757e+02   9.9081066741e+01
 -8.7252294421e+02  -5.9300629179e+02   5.7185952349e+02   9.1156360278e+01
 -1.2269812635e+03  -2.3342957637e+02  -3.7039720162e+02   9.9742169690e+01
 -8.2635523742e+01  -1.1977498329e+03  -4.3648366258e+02   9.7965008318e+01
 -2.1715449063e+02  -1.2663153134e+03  -3.0185287140e+02   1.0432692799e+02
 -1.1354391170e+02  -1.0307717647e+03  -3.4349051365e+02   9.5644726579e+01
 -2.7451856222e+02  -1.1242533828e+03  -1.6521229235e+02   1.0096037475e+02
 -2.4440917083e+02  -9.2765206049e+02  -2.0825068557e+02   1.0253645243e+02
 -3.9033020874e+02  -9.1623533588e+02  -3.4315401201e+02   9.6516802732e+01
 -3.8628197933e+02  -1.3205608287e+03  -2.0487400047e+02   9.8038051145e+01
 -4.1611537190e+02  -9.0600739557e+02  -1.0933675103e+02   9.6801144251e+01
 -3.3115272343e+01  -1.3367107141e+03  -2.6240968296e+02   9.6625084779e+01
 -1.2538447919e+02  -1.4077899106e+03  -4.2315012453e+02   1.0187768160e+02
 -2.5814139737e+01  -1.3789787109e+03  -7.3918853454e+01   9.6684725878e+01
 -4.4252211568e+01  -9.0128623183e+02  -4.7954764575e+02   1.0455364039e+02
 -2.2254156942e+02  -7.4768504743e+02  -3.1486527681e+02   1.0777994932e+02
  1.6088833619e+02  -1.3107851111e+03  -3.0486027351e+02   1.0365369506e+02
 -4.7473443079e+02  -9.1570321668e+02  -5.1379239342e+02   9.3856023746e+01
  2.3334146347e+02  -1.1626943787e+03  -1.8092379247e+02   1.0259996436e+02
  2.7334705827e+01  -7.2214335881e+02  -4.3812850474e+02   9.2759311382e+01
 -3.2975747047e+02  -8.5523035886e+02  -6.4427348448e+02   1.1035122559e+02
 -2.0163101514e+02  -9.3787466377e+02  -7.8259311094e+02   9.5509865336e+01
  1.0142259439e+02  -1.2540606195e+03   1.7070827983e+01   1.0349728678e+02
  1.2741136568e+02  -6.6255188087e+02  -2.9102605644e+02   9.4872275473e+01
 -3.3742798660e+02  -1.0732501455e+03  -7.9468423593e+02   9.6619085663e+01
 -2.0406787038e+02  -1.5772142138e+03  -3.4084112610e+02   1.0225571056e+02
  8.6050882725e+01  -6.7172010394e+02  -1.0760431385e+02   9.3378306242e+01
 -2.9654150952e+01  -1.5811096527e+03  -4.6788680467e+02   1.0111344943e+02
 -6.2428325294e+02  -8.5254108367e+02  -4.1192362205e+02   9.7798748782e+01
  1.6347734507e+02  -1.5288031343e+03  -4.5672962508e+02   9.9286723407e+01
  2.9960948444e+02  -7.5569269699e+02  -3.2656198618e+02   1.0410060217e+02
  1.2957589578e+02  -6.1625688579e+02  -5.6046463152e+02   9.8633828533e+01
 -2.5520802659e+02  -7.2898391136e+02  -8.0091490971e+02   1.0420021624e+02
  4.0334813221e+02  -8.6511979628e+02  -1.8300653652e+02   1.0409201112e+02
 -2.1033773817e+02  -5.6005494468e+02  -7.0034557829e+02   9.7454262981e+01
  2.2592684440e+01  -6.6752782139e+02   8.4063076263e+01   1.0856452378e+02
 -4.5164376711e+02  -1.5106934746e+03  -2.0517567588e+02   1.0301586528e+02
 -8.0610728669e+01  -1.5075639112e+03   6.7166363861e+01   1.0191501840e+02
  3.1644866462e+02  -5.8036516557e+02  -4.2114387276e+02   9.5821969178e+01
 -5.0269100770e+02  -1.1939383341e+03  -8.1008489652e+02   1.0859954254e+02
 -3.9825861499e+02  -5.3150325821e+02  -6.4545042968e+02   1.0039146501e+02
 -7.0825151322e+02  -7.5533275750e+02  -2.5520224202e+02   1.0483816388e+02
 -7.5023467534e+02  -8.4327220276e+02  -5.6642886939e+02   1.0175461354e+02
 -3.6268743199e+01  -1.6821664159e+03  -2.8652040109e+02   1.0298135472e+02
 -2.5577220986e+02  -1.6857784783e+03  -1.7337708150e+02   1.0390865219e+02
  1.8249039373e+02  -4.4403281643e+02  -4.2206102182e+02   9.5311933945e+01
 -4.4611193927e+02  -1.6761815417e+03  -3.2416460311e+02   1.0088427278e+02
  4.8517580395e+02  -7.5161611752e+02  -4.0936433427e+02   9.9142371349e+01
  1.6951307878e+02  -5.2134472683e+02  -6.4033675019e+00   1.0617199757e+02
  3.0395637836e+02  -5.3598570725e+02  -6.2603582338e+02   1.0422473306e+02
  4.6961073930e+02  -5.9800571575e+02  -2.8639954987e+02   9.8237376777e+01
  3.6770345829e+02  -5.4955558420e+02  -3.6044674726e+01   9.6198667544e+01
  4.6658982594e+02  -7.2187124620e+02   1.1482252007e+01   1.0808057722e+02
 -3.9563042329e+02  -7.3933156713e+02  -9.6158464619e+02   1.0943566018e+02
  7.3113156567e+02  -9.5436423038e+02  -6.8666501025e+01   1.0169408003e+02
  8.7564639228e+02  -1.0361177672e+03   5.6579799848e+01   1.0628383173e+02
  9.8147072732e+02  -8.6778961340e+02   2.4979066891e+00   9.9769579853e+01
  8.6226850744e+02  -7.2795280148e+02  -8.5699332924e+01   1.0404959557e+02
  9.7798971235e+02  -6.7641045567e+02   7.7235453071e+01   1.0233779543e+02
  8.9778383703e+02  -7.6537920308e+02  -2.7912672145e+02   9.6140885734e+01
  7.5944174511e+02  -1.0291225493e+03  -2.5342277521e+02   9.9614522248e+01
  9.2053444229e+02  -9.2907559916e+02  -3.8800256906e+02   1.0176831143e+02
  7.3013797685e+02  -5.6378502775e+02  -8.2958317281e+01   1.0670392923e+02
  1.0715621806e+03  -8.8574597910e+02   1.8337154030e+02   1.0309533175e+02
  8.7999416847e+02  -5.8729134573e+02  -3.6107032763e+02   1.0070045098e+02
  1.1337502625e+03  -1.0589686852e+03   7.7048736559e+01   1.0945584338e+02
  6.0864083651e+02  -9.4234512283e+02  -3.5348088242e+02   1.0109138347e+02
  1.1460173451e+03  -7.0344794017e+02   1.9960266098e+02   9.4489069967e+01
  1.0793720788e+03  -5.9183960802e+02  -3.9537074261e+02   1.0165753948e+02
  6.9207579946e+02  -4.7042979796e+02  -2.7042773216e+02   1.0615449741e+02
  8.4435621640e+02  -6.4033794213e+02  -5.5107954916e+02   9.9767774143e+01
  6.8319569343e+02  -3.6443089690e+02  -1.0402732671e+02   9.1339092974e+01
  7.1032189597e+02  -1.0447177638e+03  -5.0008405633e+02   1.0460666238e+02
  9.9454742660e+02  -4.2634836935e+02  -4.7607632110e+02   1.0106385087e+02
  1.0448366297e+03  -1.2239977571e+03  -8.6083550968e+00   9.6644535132e+01
  1.0269637931e+03  -6.4153429681e+02  -6.4150988576e+02   1.0400809320e+02
  8.4158331369e+02  -3.1548111270e+02  -4.3852098280e+02   9.1549678955e+01
  4.1122065132e+02  -9.4471306111e+02  -3.6732031056e+02   9.6827454498e+01
  8.5254705847e+02  -4.2735053391e+02  -6.2292015695e+02   1.0321101546e+02
  9.3783030422e+02  -1.0015816211e+03   2.7478269489e+02   9.6048108747e+01
  9.4697201272e+02  -2.1894780173e+02  -3.0929440547e+02   1.0112872226e+02
  1.2840077889e+03  -9.2797731256e+02   1.4833532941e+02   1.0224640569e+02
  9.7392426947e+02  -1.1778320706e+03   1.9215874856e+02   1.0192590923e+02
  8.1551897736e+02  -1.0961683440e+03  -6.7002280089e+02   1.0177348454e+02
  9.1957329220e+02  -7.0935694079e+02  -7.9883193104e+02   9.8187002323e+01
  1.3432646583e+03  -7.2297754275e+02   1.8321291757e+02   1.0439916902e+02
  8.9971382428e+02  -1.3497734061e+03   3.0033768084e+01   9.9246649493e+01
  7.3551364377e+02  -1.9071870726e+02  -1.6136915792e+02   9.8926979574e+01
  6.9518103182e+02  -5.1680302319e+02  -7.2913402346e+02   1.0666323170e+02
  1.0176343280e+03  -1.3941473455e+02  -1.3858003868e+02   1.0002312737e+02
  5.0615959208e+02  -2.6238159729e+02  -1.0389956597e+02   1.1300340641e+02
  1.1051599617e+03  -1.3538934666e+03  -1.4406547123e+02   1.0048595473e+02
  7.8622896384e+02  -1.3182070346e+02  -4.4665942235e+02   1.0044376929e+02
  7.8402750770e+02  -8.1108956353e+02  -8.8355797506e+02   9.1287768454e+01
  1.1007706816e+03  -1.0051715465e+02  -3.6341618971e+02   1.0038806673e+02
  8.0851075797e+02  -1.2848293235e+03  -6.2690124201e+02   9.1879682645e+01
  7.9696039307e+02  -1.1722007878e+03   2.9213458911e+02   1.0140410231e+02
  1.2525479754e+03  -1.0906901425e+03   2.6554619666e+02   1.0074022510e+02
  6.6946714189e+02  -1.0860775141e+02   5.9646808387e+00   9.8822769038e+01
  2.2337082795e+02  -9.5061182239e+02  -2.8336444468e+02   1.0901456973e+02
  6.3330386513e+02  -7.0103845410e+01  -2.9413790189e+02   1.0752476569e+02
  6.4972277484e+02  -1.1255255133e+03  -7.8451170280e+02   1.0183872732e+02
  1.1677907326e+03  -7.8693531053e+01  -2.9886573986e+01   9.5036554912e+01
  9.4049519995e+02  -1.5259387593e+01  -4.7290313264e+02   9.4680151054e+01
  1.1717720886e+03  -1.3156678369e+03   1.0792527011e+02   9.8537687546e+01
  1.0275052039e+03  -1.2836630620e+03   3.5917126159e+02   1.0292597579e+02
  1.1327495008e+03  -1.4282737401e+03   2.7523809767e+02   9.4642711630e+01
