# generation_info:
#   script_name: PyFracVAL
#   timestamp: '2025-05-02T20:33:17.470022'
#   iteration: 1
# simulation_parameters:
#   N: 384
#   Df: 2.0
#   kf: 1.25
#   rp_g: 100.0
#   rp_gstd: 1.0512710963760241
#   tol_ov: 1.0e-06
#   n_subcl_percentage: 0.1
#   ext_case: 0
#   seed: 2454070867
# aggregate_properties:
#   N_particles_actual: 384
#   radius_of_gyration: 1756.6731545003138
#   center_of_mass:
#   - -767.397277967046
#   - -1348.7609547800068
#   - 79.16485307917068
 -4.7055296297e+01  -4.0147018700e+01   1.5502403116e+01   1.1303203128e+02
  1.4898868262e+02  -1.1834258286e+02   4.1480343163e+01   9.9624126157e+01
  1.6549692499e+02  -1.5406147451e+01   2.1393082847e+02   1.0188915302e+02
  1.1890470785e+02  -3.1759365133e+02   4.4708527767e+01   1.0191111890e+02
  2.7634509157e+02  -2.8148852355e+02  -8.4190953800e+01   1.0474349883e+02
 -2.0947714493e+01   1.1954466804e+02   1.6133207208e+02   1.0479664680e+02
  2.1569394630e+02  -4.1007030029e+02   1.9354812966e+02   9.8272083129e+01
  3.8531776406e+02  -3.2164811995e+02   2.5912059858e+02   1.0394183877e+02
  1.9930020692e+02  -3.1092865520e+02  -2.6484884005e+02   9.3851333600e+01
  5.4862916272e+02  -2.4944242417e+02   1.4021589706e+02   1.1058695528e+02
  5.7984846068e+02  -6.1862881833e+01   2.4816626383e+02   1.0807719577e+02
  5.4195006606e+02  -3.9820570450e+02   3.5867061248e+02   9.6819081359e+01
  5.7219247180e+02  -1.1774552105e+02   4.5735809654e+02   1.0858545999e+02
 -2.0633767742e+02  -1.4111254394e+02   1.1057773960e+02   9.8165113190e+01
  3.9114047543e+02  -3.3299407354e+02  -3.2035421032e+02   1.0707257597e+02
 -2.4712851275e+02  -3.1873655765e+02   5.4609930865e+01   9.2482672291e+01
 -2.7058810400e+02  -2.4121169661e+02   2.6854339175e+02   9.9574880079e+01
 -2.9759920655e+02  -3.1219451156e+01   2.4617579431e+02   9.8791711977e+01
 -3.1435906221e+02  -3.0740188551e+02  -1.2126509560e+02   9.6145126578e+01
 -2.8121302923e+02   2.9904860470e-01   4.3341899763e+02   9.1791445264e+01
 -4.0848073360e+02  -1.4570846482e+02  -4.5544234876e+01   1.0568970705e+02
  6.8750287488e+02  -2.8279855638e+02   3.3609491695e+02   9.0301446698e+01
  6.6339902874e+02  -5.0200717850e+02   2.5606148091e+02   9.3057800917e+01
 -4.2065802458e+02  -4.1844565198e+02  -4.9709438860e+00   9.6609943898e+01
  6.1549096414e+02   8.3385929247e+01   4.3348246494e+02   9.8534470291e+01
  5.7924537734e+02  -6.7703443546e+02   2.4056593043e+02   1.0176645272e+02
 -3.5819573269e+02  -2.1323360878e+02  -2.7861606990e+02   9.2398362130e+01
 -3.8745910106e+02   3.1646869656e+01  -1.6326353039e+02   1.0821367356e+02
 -4.4986456709e+02   1.4681080582e+02  -2.5636808742e+00   9.9106407518e+01
 -5.4434937959e+02  -3.1290775548e+02  -1.1077641549e+02   9.7381284571e+01
 -4.9589587647e+02  -5.4038495015e+02  -1.2811684086e+02   9.2320833734e+01
  7.5828621400e+02  -1.1226232351e+02   3.3740421826e+02   9.4345790185e+01
 -5.3173417613e+02  -1.4322951884e+02  -2.7748477931e+02   9.4731121855e+01
 -6.4228311883e+02  -1.4996989347e+02  -6.5033569359e+01   9.8149204427e+01
  5.0720456110e+02  -6.0127508874e+01   6.5565421673e+02   1.0789690683e+02
  7.1052649651e+02  -2.6227511573e+02   5.2404850571e+02   1.0016600538e+02
  8.1702993264e+02   4.8450701135e+01   2.4847560079e+02   9.8495594836e+01
  7.4354604671e+02  -6.4591635017e+01   5.6504160544e+02   1.0065870676e+02
  6.8105598627e+02   4.0349139286e+02   8.4809512446e+02   1.1107964957e+02
  6.0558633675e+02   2.1312562049e+02   8.7175649013e+02   9.5062669030e+01
  4.8566298287e+02   2.8483547031e+02   1.0176607342e+03   1.0695703742e+02
  7.5500760167e+02   1.7380894700e+02   7.5439862249e+02   9.8961515858e+01
  7.8890247154e+02   3.2863723491e+02   6.3543593025e+02   9.9212102682e+01
  8.8777397676e+02   6.9611903261e+01   8.6248008641e+02   1.0145189966e+02
  1.0348863270e+03   2.0279582052e+02   8.7246581116e+02   9.7243128240e+01
  6.5340876022e+02   2.7735512332e+02   4.8902274866e+02   1.0676173188e+02
  1.0612908526e+03   6.5815847765e+01   7.2704449463e+02   1.0427131593e+02
  9.4834664076e+02  -7.7518252363e+01   9.8879243211e+02   1.0170109439e+02
  9.2696429975e+02   9.0347535994e+00   1.1667844930e+03   9.7371256955e+01
  8.1262272574e+02   4.1128610269e+02   4.4813056379e+02   1.0527308799e+02
  7.5546255279e+02   7.7743176711e+01   1.2465763044e+03   1.0387592884e+02
  9.2591150545e+02   2.5038772819e+02   3.7237461321e+02   1.0558610335e+02
  5.3199801067e+02   3.8708266268e+02   1.1867561157e+03   9.6007666887e+01
  1.2140289512e+03   3.0258208108e+01   5.8942640396e+02   1.0437194750e+02
  7.9096395133e+02   6.1804008176e+02   4.7618099748e+02   1.0449615952e+02
  1.0945462573e+03  -1.0893209726e+02   1.1251978486e+03   1.0070343905e+02
  1.0220646912e+03   1.0031377561e+02   1.3207988492e+03   1.0535113020e+02
  4.2748184734e+02   2.2593146618e+02   1.2398382223e+03   1.0326864024e+02
  6.3360907429e+02   4.5751963943e+02   3.4942452314e+02   1.0431295588e+02
  5.4507488477e+02   2.7465518608e+02   2.8766536278e+02   1.0803558991e+02
  1.2831134511e+03  -7.9761110225e+01   1.0412308652e+03   1.0776475359e+02
  9.2656612035e+02   2.4166703441e+02   1.4412348906e+03   1.0346831538e+02
  7.9049923640e+02   8.0136024317e+02   5.7631848626e+02   1.0439140401e+02
  1.2921581407e+03   4.0868995904e+01   3.9551551601e+02   1.0495600463e+02
  3.4782657676e+02   4.1927144590e+02   1.2411574602e+03   9.8709412818e+01
  1.2108877022e+03   6.1509555846e+01   1.3820631384e+03   9.6919011189e+01
  1.4678406415e+03  -6.6952497714e+01   9.3933075057e+02   1.0359235842e+02
  6.4961752923e+02   1.4890675403e+02   1.5977202640e+02   9.9566284273e+01
  7.3623302037e+02   3.1773883987e+02   1.0804506938e+02   9.7111611274e+01
  3.9985568815e+02   4.2075633282e+02   2.5595948552e+02   1.0038567291e+02
  1.3549185928e+03   1.8835385733e+02   1.3169968268e+03   1.0573339852e+02
  1.4239805887e+03   3.7327412346e+02   1.3001743833e+03   9.2377829609e+01
  1.5280799689e+03   2.2201971947e+02   1.2127199608e+03   9.9185895918e+01
  9.0263802484e+02   9.7041974836e+02   6.1028500901e+02   1.0130241903e+02
  1.4841642002e+03   8.0140108875e+01   3.3287946248e+02   1.0079098173e+02
  1.0422631444e+03   9.5013779950e+02   4.6704242024e+02   9.9757200700e+01
 -1.5047325882e+03   4.1845107333e+02   2.8475280802e+02   9.9828958686e+01
 -1.3572211550e+03   5.4455424898e+02   3.1133184878e+02   9.6048756332e+01
 -1.4461422376e+03   6.7623405509e+02   2.0087335894e+02   9.7465088747e+01
 -1.2576753551e+03   7.0147674545e+02   1.9662320507e+02   9.2732237795e+01
 -1.1937159330e+03   7.1902268766e+02   3.7161707600e+02   9.4408144320e+01
 -1.4810642385e+03   3.9602033670e+02   9.2918563713e+01   9.4757027488e+01
 -1.5338440546e+03   8.4490654863e+02   1.6398532438e+02   9.6191168264e+01
 -1.4260416594e+03   8.6131408682e+02  -3.1846436291e+00   1.0339931729e+02
 -1.7049627826e+03   8.3431140779e+02   8.0795223871e+01   9.4372387763e+01
 -1.3424268322e+03   3.9855257554e+02   4.4607081865e+02   1.0317461237e+02
 -1.1431767963e+03   4.3402662620e+02   4.3417723893e+02   9.9557827906e+01
 -1.4080512533e+03   1.0263529114e+03   1.0471262429e+02   9.4598886640e+01
 -1.0528422304e+03   6.0020793001e+02   5.0074908851e+02   1.0096242217e+02
 -1.0277513620e+03   3.3548077736e+02   3.0773052335e+02   9.7984793016e+01
 -9.0708190615e+02   4.7927590033e+02   3.7846291929e+02   1.0261736749e+02
 -1.0787417142e+03   5.8375692199e+02   7.0030118782e+02   1.0093472805e+02
 -1.5834234100e+03   7.7513009302e+02  -9.6844248997e+01   9.9008236652e+01
 -1.5923276159e+03   2.4638227115e+02   2.8235157511e+01   1.0261326628e+02
 -8.2978336024e+02   6.5871660449e+02   4.4535226242e+02   1.0389707688e+02
 -1.2052025150e+03   7.2142929418e+02   7.9460528220e+02   1.0844358608e+02
 -1.5818796248e+03   1.0270602651e+03   2.4925115545e+01   9.6667549592e+01
 -1.4511256187e+03   8.8011272214e+02  -2.1371332304e+02   1.0637540069e+02
 -1.2473483572e+03   5.1314069815e+02   8.3772202110e+02   1.0839613452e+02
 -1.6056882680e+03   3.4555702756e+02  -1.5733366788e+02   1.0821825008e+02
 -1.5755093140e+03   6.0057917814e+01   1.1819562437e+02   1.0497407804e+02
 -1.7988336998e+03   4.4474190175e+02  -1.5252878514e+02   1.0895882968e+02
 -1.4162594316e+03   6.2363333976e+02   8.9975036992e+02   1.0276042104e+02
 -1.2512893774e+03   9.1672296460e+02   8.4957967109e+02   9.9608811222e+01
 -1.3731993686e+03   3.5307318171e+02   9.1654752792e+02   1.0994659471e+02
 -1.0937460610e+03   8.3594486608e+02   9.2671330587e+02   9.3509275360e+01
 -6.3976711110e+02   6.0098082645e+02   4.1558941788e+02   9.6914829935e+01
 -6.3380907421e+02   7.9247969721e+02   4.1751051045e+02   9.4686334732e+01
 -1.5106144347e+03   3.8787513815e+02  -3.3731951570e+02   9.9687405661e+01
 -1.5762007061e+03   2.8813060277e+02   9.3647988168e+02   1.0411970417e+02
 -1.6646826942e+03   5.0547153439e+02  -3.4345686810e+02   9.4229092093e+01
 -1.0723685255e+03   1.0227731042e+03   8.9069958792e+02   9.7955545083e+01
 -6.0807326503e+02   8.5890938695e+02   2.3651263217e+02   9.9827077392e+01
 -9.0071042544e+02   1.0734851377e+03   8.1025805039e+02   9.8281695538e+01
 -1.0601394571e+03  -1.4400902010e+02   5.1403681379e+02   1.0674862811e+02
 -8.8182720486e+02  -5.0003412524e+01   5.3137529329e+02   9.5570269715e+01
 -1.1678150944e+03   4.0296234024e+01   5.3682580908e+02   1.0791810868e+02
 -1.0335904817e+03  -2.1881178314e+02   3.2264750097e+02   1.0044734317e+02
 -1.2189651588e+03  -2.9579747881e+02   3.5433638282e+02   1.0276376257e+02
 -8.1894871589e+02  -2.1741105267e+02   6.1753499895e+02   1.0293040341e+02
 -7.7731997222e+02  -3.7352017490e+02   4.9086930275e+02   1.0236745077e+02
 -6.6645559005e+02  -2.7521874420e+02   3.5786295406e+02   9.6742497007e+01
 -6.3317309150e+02  -3.1675844166e+02   6.2539786252e+02   1.0281088867e+02
 -1.2125785137e+03  -2.3729553863e+01   7.2738114583e+02   9.8029461320e+01
 -1.1085814178e+03   1.4932319698e+02   7.2532140536e+02   1.0387866894e+02
 -7.9570822335e+02  -5.7029576501e+02   5.0268198510e+02   9.5618155037e+01
 -1.1484488843e+03   2.3566318325e+02   4.6475341787e+02   1.0121755189e+02
 -6.8237503855e+02  -4.9584186237e+02   3.5461821913e+02   1.0388844234e+02
 -8.2116067519e+02  -6.2467575354e+02   6.9109816318e+02   1.0213337245e+02
 -4.8753091299e+02  -3.6626827981e+02   3.4009849929e+02   1.0480063448e+02
 -6.4549498696e+02  -6.8644964223e+02   5.2009388277e+02   9.5061979640e+01
 -3.9055316405e+02  -4.2131424454e+02   5.2419618700e+02   1.1043574870e+02
 -2.9900167276e+02  -2.3481261378e+02   4.7923184318e+02   1.0213500669e+02
 -3.9243077956e+02  -6.3056487227e+02   4.9568759548e+02   1.0075632131e+02
 -1.2943667330e+03  -1.5909213878e+02   8.4077383881e+02   9.6573326504e+01
 -2.5609713918e+02  -4.0981399085e+02   3.6985650717e+02   9.4579897599e+01
 -2.2391236125e+02  -8.6893997916e+01   5.9353403304e+02   9.9317995834e+01
 -4.4590750773e+02  -7.9258613443e+02   4.0751914893e+02   9.1296600599e+01
 -5.9496239313e+02  -8.9690746921e+02   4.2952045993e+02   9.1963753642e+01
 -4.8795961213e+02  -8.9319169515e+02   5.7580738161e+02   8.9318527824e+01
 -1.3668097162e+02  -5.1736195546e+02   4.8208532361e+02   1.0143564516e+02
 -5.0325727426e+02  -8.8980838147e+02   2.4947872078e+02   1.0291446492e+02
 -1.3388880237e+03  -1.8222160744e+02   2.3793864952e+02   9.9299109811e+01
 -9.5507781332e+01  -4.6458204537e+02   2.7997151162e+02   9.7429982545e+01
 -1.2858714481e+03   9.8474376593e+00   2.3482464805e+02   9.9977011136e+01
 -1.1920418868e+03   3.5392000935e+01   9.1272938875e+02   9.7600501734e+01
 -5.9258758009e+02  -9.0193269792e+02   7.3619618268e+01   9.4704680223e+01
 -1.4023205443e+03  -4.7318701337e+01   6.6077429215e+02   1.0444265774e+02
 -1.1324685375e+03  -4.3783606922e+01   1.0839943418e+03   1.0026168505e+02
 -3.7233603766e+02  -8.1900844169e+02   1.1128874920e+02   1.0018519021e+02
 -4.4791729059e+02  -9.7993626080e+02   7.4211877561e+02   1.0248211596e+02
 -9.5641205123e+02   1.9678742729e+01   1.1596892528e+03   1.0161222542e+02
 -1.1134315938e+03  -2.0860649035e+03  -3.8587249750e+02   1.0367308389e+02
 -1.1283789635e+03  -2.2173974218e+03  -5.4283410995e+02   1.0153072212e+02
 -1.0230926669e+03  -2.2280378390e+03  -2.6721370234e+02   1.0223307378e+02
 -1.0237451048e+03  -1.9387572604e+03  -4.9084277844e+02   9.8222849466e+01
 -1.1967817759e+03  -2.3185053445e+03  -2.4544622191e+02   9.4810320787e+01
 -1.1960672853e+03  -1.9297417495e+03  -5.8248322977e+02   9.7159303318e+01
 -8.9713770012e+02  -2.1021519379e+03  -1.5925285220e+02   1.0601547705e+02
 -1.1487986019e+03  -1.7743553051e+03  -4.6768307925e+02   1.0173350726e+02
 -9.9735239667e+02  -1.7017584044e+03  -3.4598800682e+02   1.0566937055e+02
 -1.3245561126e+03  -2.0179409496e+03  -7.0384510477e+02   1.0036837157e+02
 -1.1349024678e+03  -2.2755521285e+03  -6.7770154813e+01   9.8173648385e+01
 -1.3355492930e+03  -2.2470577539e+03  -6.7278800664e+01   1.0448695282e+02
 -1.3145476241e+03  -2.4328040028e+03  -1.4426965576e+02   9.7677165711e+01
 -1.3317070542e+03  -2.2047744910e+03  -7.6669901903e+02   9.6884062299e+01
 -9.8786140988e+02  -2.3898295904e+03  -7.1018590920e-01   9.9759295876e+01
 -1.1907110507e+03  -2.5903011802e+03  -1.6685651087e+02   1.0394382490e+02
 -9.0029957989e+02  -2.2483484947e+03   1.2124532333e+02   1.0653447705e+02
 -9.8528141107e+02  -1.6629970046e+03  -1.3579760129e+02   1.0840575970e+02
 -1.3849282656e+03  -2.3872366310e+03  -7.0377309536e+02   1.0332733037e+02
 -1.1997898415e+03  -2.1596076281e+03  -8.9280378612e+02   9.1117556805e+01
 -1.4904168677e+03  -1.9111375810e+03  -7.4261281951e+02   1.0067810400e+02
 -9.3295697678e+02  -2.5832481686e+03  -2.9637014658e+01   1.0337121539e+02
 -1.0880355471e+03  -1.5270681802e+03  -3.4792512192e+02   9.1165231608e+01
 -1.0313937845e+03  -2.2222188090e+03  -9.5136139509e+02   9.7843776676e+01
 -1.0763680631e+03  -1.6339455010e+03   4.3318433972e+01   9.4629513402e+01
 -1.5230734277e+03  -2.5203687890e+03  -6.9275811104e+02   8.8843393699e+01
 -1.0988604899e+03  -1.7585660784e+03   1.8950411895e+02   9.8777963376e+01
 -1.4602700679e+03  -1.7292549263e+03  -7.9763492241e+02   9.1721379966e+01
 -1.6526474171e+03  -2.3876210851e+03  -7.1402799796e+02   9.7875056640e+01
 -1.3295608676e+03  -1.7521214638e+03  -9.3256902086e+02   9.7527092896e+01
 -1.0679547985e+03  -1.4444757811e+03  -1.7256431939e+02   1.0370947667e+02
 -9.4859341149e+02  -2.4061813209e+03  -9.6043547445e+02   1.0409791409e+02
 -8.8526174551e+02  -1.6494568118e+03   1.0261413176e+02   1.0606479432e+02
 -1.2696638968e+03  -1.6745273394e+03   2.3905369335e+02   9.7923520524e+01
 -1.2343543561e+03  -1.3346420903e+03  -2.2928304562e+02   1.0358081805e+02
 -1.0378469972e+03  -2.5730320424e+03  -8.6456105735e+02   1.0802768472e+02
 -1.1652610594e+03  -2.2069701255e+03  -1.1112087093e+03   1.1121155927e+02
 -1.0212499727e+03  -1.8279142660e+03   3.5079672795e+02   9.3180024790e+01
 -1.8539485609e+03  -2.5093033157e+03  -1.2316778421e+03   9.6260357506e+01
 -1.6811300889e+03  -2.4183710952e+03  -1.2635447703e+03   1.0160422777e+02
 -1.5767826989e+03  -2.5750155513e+03  -1.1786596911e+03   1.0486935425e+02
 -1.5154707232e+03  -2.6283422552e+03  -1.3674592034e+03   1.0067419723e+02
 -1.7948224684e+03  -2.3130859657e+03  -1.1494097211e+03   9.0847649614e+01
 -1.6340864687e+03  -2.2387568478e+03  -1.0783330321e+03   9.9973667619e+01
 -1.3766801549e+03  -2.6127832654e+03  -1.1464668676e+03   1.0129515829e+02
 -1.4016444884e+03  -2.6097404061e+03  -9.5110794435e+02   9.5675869611e+01
 -1.6913713295e+03  -2.2656115227e+03  -8.8902517333e+02   9.9626418171e+01
 -1.6467648364e+03  -2.6249923277e+03  -1.5095236195e+03   9.2798448100e+01
 -1.9622833729e+03  -2.4480917222e+03  -1.3878674434e+03   1.0343561702e+02
 -1.4978490173e+03  -2.2415723966e+03  -8.6055394647e+02   9.7450662295e+01
 -2.0670082714e+03  -2.5610540296e+03  -1.2549845544e+03   9.9999014949e+01
 -1.2137597168e+03  -2.5483637954e+03  -1.2484516783e+03   1.0142099516e+02
 -1.2426051093e+03  -2.7293037943e+03  -1.0502450778e+03   1.0072410900e+02
 -1.3255149089e+03  -2.7975954062e+03  -8.8501563209e+02   9.6350873807e+01
 -1.1314380183e+03  -2.7321253295e+03  -1.2349980861e+03   1.0038624601e+02
 -1.2058472686e+03  -2.8176503375e+03  -1.4092669856e+03   1.0751015332e+02
 -2.0489004188e+03  -2.6872107305e+03  -1.0857814743e+03   1.1183367802e+02
 -1.1692728715e+03  -2.9215047817e+03  -1.0390092287e+03   1.0529793097e+02
 -1.9404235412e+03  -2.2389453880e+03  -1.4216419461e+03   1.0954503554e+02
 -1.2706109082e+03  -2.8196787511e+03  -1.6139651481e+03   1.0719844279e+02
 -2.1428069897e+03  -2.7236476883e+03  -1.3388981170e+03   9.8050548344e+01
 -1.2972754598e+03  -2.8084394340e+03  -6.9405514799e+02   9.6990704530e+01
 -1.1651216434e+03  -2.9210494235e+03  -8.3145510235e+02   1.0229820442e+02
 -1.0903566130e+03  -2.7053925075e+03  -1.6101736566e+03   1.0626661723e+02
 -9.8878970567e+02  -2.8409090643e+03  -9.0525905709e+02   1.0497565592e+02
 -1.3414535367e+03  -2.8465599447e+03  -1.8030201752e+03   9.6475511934e+01
 -1.9167301192e+03  -2.2416786403e+03  -1.6234151290e+03   9.3632882176e+01
 -2.1660370038e+03  -2.3790286787e+03  -1.2727947670e+03   1.0798445045e+02
 -2.2582674789e+03  -2.5581055247e+03  -1.3031179611e+03   9.5717472510e+01
 -2.1898370544e+03  -2.8391205918e+03  -1.4928260432e+03   1.0003939307e+02
 -1.1235265270e+03  -3.1249080155e+03  -1.0053772810e+03   1.0588140385e+02
 -1.1278785382e+03  -2.7198073641e+03  -6.2887142212e+02   1.0499909467e+02
 -2.1832503049e+03  -2.3010152224e+03  -1.4661838005e+03   1.0125635673e+02
 -2.0022249263e+03  -2.0378381265e+03  -1.4575003264e+03   1.0387793712e+02
 -1.0244401586e+03  -2.8868324118e+03  -1.6819729138e+03   9.9695882192e+01
 -2.1715307023e+03  -2.7948787995e+03  -1.6920821164e+03   1.0488850013e+02
 -9.6813766968e+02  -1.5672309463e+03   4.0809580520e+02   9.4930733323e+01
 -8.1930964031e+02  -1.5270171820e+03   5.2738229192e+02   9.9995393918e+01
 -7.8219498473e+02  -1.3549027458e+03   4.3445280128e+02   9.9094452650e+01
 -9.0925103500e+02  -1.7221369378e+03   5.1864853285e+02   1.0428123304e+02
 -1.1484634759e+03  -1.6121339925e+03   4.8206186637e+02   1.0508091172e+02
 -6.4535722455e+02  -1.5459558719e+03   6.0745555130e+02   9.2436006309e+01
 -7.2099255323e+02  -1.5953013384e+03   7.8106091906e+02   1.0325380366e+02
 -7.0405206955e+02  -1.3922226844e+03   8.1016062803e+02   1.0259738720e+02
 -5.6903115594e+02  -1.3028680295e+03   6.9371872928e+02   9.6835852861e+01
 -1.0963823590e+03  -1.8038216961e+03   5.7759737729e+02   1.0824052687e+02
 -8.2556504834e+02  -1.1638789725e+03   4.1646772200e+02   9.7614742555e+01
 -6.5978315768e+02  -1.5743604586e+03   9.7079782883e+02   9.7208675327e+01
 -4.0648583221e+02  -1.4127791615e+03   7.2147227546e+02   1.0133502925e+02
 -8.0571861716e+02  -1.2199095036e+03   2.3436869555e+02   9.3940358348e+01
 -6.4573761570e+02  -1.4007740061e+03   1.0491821889e+03   9.3772060955e+01
 -6.6622575983e+02  -1.1021740116e+03   3.2055497534e+02   9.8333633381e+01
 -8.1927171553e+02  -1.3401747085e+03   1.1017192410e+03   9.7399329488e+01
 -7.8979546724e+02  -1.1527570623e+03   1.0641164888e+03   9.6012640893e+01
 -1.3033342080e+03  -1.4886913734e+03   4.5660927515e+02   9.4595972924e+01
 -4.5309739460e+02  -1.3884452848e+03   1.0652819159e+03   9.9932490780e+01
 -6.9682127261e+02  -1.3027177478e+03   1.0656014049e+02   9.3278400616e+01
 -8.6734395468e+02  -1.4036662791e+03   6.8983739322e+01   1.0841586549e+02
 -2.2207516049e+02  -1.3165701794e+03   7.1291596336e+02   1.0683959589e+02
 -6.2562092504e+02  -1.0491564216e+03   1.0774198999e+03   9.8572440236e+01
 -8.6666671802e+02  -1.0905520668e+03   1.0248593204e+02   1.0058748223e+02
 -6.7815383166e+02  -1.0697858213e+03   5.7087145545e+01   9.4423786923e+01
 -6.4528468870e+02  -1.1964584430e+03   1.2054859045e+03   9.7604649729e+01
 -2.7486933918e+02  -1.4918462350e+03   1.0429435259e+03   1.0732580195e+02
 -1.0925483659e+02  -1.1418757910e+03   7.1713431513e+02   1.0116124376e+02
 -6.2133227801e+02  -1.3666871575e+03  -5.5623171542e+01   9.6706073439e+01
 -1.8847777471e+02  -1.3049287016e+03   1.0749627664e+03   1.0106541298e+02
  1.2491202883e+01  -1.2968496787e+03   7.4051300316e+02   9.7296729216e+01
 -4.3811197014e+01  -1.2312643794e+03   9.4996222696e+02   1.0382476720e+02
  4.9077409740e+01  -1.1151573036e+03   6.0668001833e+02   9.3731366365e+01
 -1.2351140096e+03  -1.7700357883e+03   7.3815481834e+02   1.0662373331e+02
 -8.0116699500e+02  -1.1593248276e+03  -7.0152803925e+01   9.6450685367e+01
  1.1734119257e+02  -1.4301313129e+03   6.5365104120e+02   9.3235459118e+01
 -1.3519651426e+03  -1.6847650944e+03   5.9325391385e+02   9.8123795726e+01
 -9.1797687380e+02  -1.1845411034e+03  -4.7443270800e+02   1.0144313049e+02
 -9.3243769662e+02  -9.9942464734e+02  -3.9382783298e+02   1.0097812226e+02
 -8.4195498593e+02  -1.0572730860e+03  -2.2842209675e+02   9.6233997991e+01
 -8.9457232619e+02  -9.2730949222e+02  -5.7840159105e+02   1.0076888278e+02
 -7.4677314760e+02  -8.2090213374e+02  -5.1855195554e+02   9.0931670177e+01
 -5.9698916535e+02  -8.7645020772e+02  -4.1561152492e+02   9.9114540301e+01
 -9.1513095838e+02  -1.2728561959e+03  -2.9520510902e+02   9.8382260880e+01
 -8.0078599621e+02  -1.3779691368e+03  -4.2220627646e+02   1.0224873687e+02
 -6.5801894872e+02  -1.3770533633e+03  -5.6032894462e+02   9.6399545146e+01
 -5.5251395533e+02  -8.6272232873e+02  -6.0393429697e+02   9.4875061075e+01
 -4.9310841283e+02  -1.3673383965e+03  -4.4773826120e+02   1.0351675590e+02
 -4.1146500186e+02  -1.2992575075e+03  -6.2336620643e+02   1.0177773781e+02
 -8.6789893389e+02  -9.5776089435e+02  -6.5703982311e+01   9.6257429085e+01
 -8.1813917625e+02  -1.5603379939e+03  -3.1988169126e+02   1.0758418150e+02
 -4.0324203059e+02  -1.1814726818e+03  -7.7779047506e+02   9.2612943980e+01
 -9.4041980462e+02  -8.5402382556e+02  -7.6943220119e+02   1.0891057313e+02
 -1.0567070466e+03  -1.0156581188e+03  -7.1444406388e+01   1.0131165882e+02
 -6.2321105061e+02  -1.6033367840e+03  -2.5077507476e+02   1.0365405973e+02
 -1.1395534340e+03  -1.1917352858e+03  -3.3973628408e+01   9.6856834725e+01
 -1.0025275090e+03  -8.3016373025e+02  -1.0598839360e+01   9.7243129848e+01
 -8.8020071779e+02  -6.8260481334e+02  -5.9302253100e+01   1.0051809063e+02
 -6.6438460694e+02  -1.6910005524e+03  -4.3631380298e+02   1.0564194524e+02
 -1.1280819793e+03  -7.8013813888e+02  -7.2044967709e+02   9.8635744957e+01
 -3.9754754002e+02  -8.0883602057e+02  -7.2328622664e+02   1.0801211742e+02
 -2.1144301314e+02  -1.2635518389e+03  -6.5533518537e+02   1.0390577235e+02
 -7.8249374034e+02  -1.7174382667e+03  -1.7726059565e+02   1.0561730057e+02
 -7.4911168284e+02  -1.7884718051e+03  -5.9690384688e+02   1.0043688602e+02
 -1.3748937180e+02  -1.4231082918e+03  -5.5359925003e+02   9.9263130964e+01
 -7.5829145227e+02  -7.1663579658e+02   8.8464116297e+01   9.4045206949e+01
 -8.3841858626e+02  -1.8559177153e+03  -3.1471188600e+02   9.7353148747e+01
 -8.2500969021e+02  -5.2922816369e+02  -1.7794624323e+02   1.0109253056e+02
 -1.1243364514e+03  -6.7642080192e+02  -7.0781123106e+01   1.0793048863e+02
 -1.2431077413e+03  -8.5814583983e+02  -8.5602371692e+02   9.5519985390e+01
 -8.8700031640e+02  -4.2012279450e+02  -3.4094903027e+02   1.0461777036e+02
 -6.1045998247e+02  -1.8460512045e+03  -3.0815165699e+02   1.0262256334e+02
 -1.1065901857e+03  -7.5849386922e+02  -9.5835811572e+02   1.0206515433e+02
 -2.0343479553e+02  -7.4693604891e+02  -7.6816699700e+02   1.0061589512e+02
 -1.2420064474e+03  -9.4939025976e+02  -1.0249980552e+03   9.6519291911e+01
 -1.1228485236e+03  -2.7388157472e+03   6.6402074522e+02   1.0329066657e+02
 -1.0072365276e+03  -2.8537666563e+03   7.7223989359e+02   9.2390781697e+01
 -8.4820955154e+02  -2.7370233641e+03   7.1722936925e+02   1.1241335194e+02
 -1.0617177205e+03  -3.0141770418e+03   6.7701460153e+02   1.0194796485e+02
 -9.1908031267e+02  -3.0558373432e+03   5.3800085685e+02   1.0153626556e+02
 -9.1465046063e+02  -2.9576835938e+03   3.7220538530e+02   9.1186126740e+01
 -1.0793244718e+03  -2.8834230628e+03   3.1150654014e+02   9.9382774723e+01
 -8.9985132937e+02  -2.7390122821e+03   9.1295187657e+02   9.0017201298e+01
 -1.1693621081e+03  -2.7144791101e+03   3.2786705945e+02   9.2753899789e+01
 -9.2626144142e+02  -3.1924299580e+03   3.9705961897e+02   9.4865220148e+01
 -6.5020591305e+02  -2.7840520598e+03   7.8487099257e+02   1.0204533470e+02
 -8.1646877030e+02  -2.5687176203e+03   8.6503399368e+02   1.0555643316e+02
 -9.2393632445e+02  -2.4176822429e+03   7.8415767584e+02   9.6685845329e+01
 -7.6858145331e+02  -3.1214582084e+03   3.2057711556e+02   9.4210270655e+01
 -8.5870742279e+02  -2.6231696340e+03   1.0513201342e+03   9.3067965425e+01
 -1.1199600516e+03  -2.5478781196e+03   2.6410991144e+02   9.2344525788e+01
 -1.0390955302e+03  -2.5576915017e+03   1.0558558931e+03   9.8889915921e+01
 -6.6345134900e+02  -2.5201633644e+03   9.9667361200e+02   1.0205097542e+02
 -6.1829090043e+02  -3.1573393610e+03   4.2676924487e+02   9.3276997500e+01
 -1.0107197142e+03  -3.3180071783e+03   5.2207372844e+02   1.0142885935e+02
 -1.2429101107e+03  -2.5714048752e+03   1.0330032538e+03   1.0665979334e+02
 -1.1474232115e+03  -2.7059178263e+03   1.3675954664e+02   9.9799189556e+01
 -1.3742913436e+03  -2.7163866355e+03   1.0688788192e+03   9.2256760451e+01
 -7.6595098278e+02  -2.6525614037e+03   1.2192934311e+03   1.0105225960e+02
 -6.2182157068e+02  -2.7930886009e+03   1.2139812586e+03   1.0031655569e+02
 -9.9881135069e+02  -2.4084522451e+03   2.0827417250e+02   1.0061715939e+02
 -1.1112719829e+03  -3.2830689258e+03   3.4234294508e+02   1.0746009371e+02
 -8.3933774236e+02  -3.3743856581e+03   3.8476952012e+02   1.0716114636e+02
 -8.6362087801e+02  -3.4803393416e+03   5.6961558212e+02   1.0727747040e+02
 -4.8447663641e+02  -3.2862452671e+03   3.7299522380e+02   1.0015163334e+02
 -1.3024579331e+03  -3.2930253754e+03   2.4871126967e+02   1.0565510773e+02
 -1.4968916850e+03  -2.8602623402e+03   1.0849860138e+03   9.7454872881e+01
 -5.9302053155e+02  -2.9824870617e+03   1.2670893586e+03   9.8484216655e+01
 -1.1877023722e+03  -2.5285677401e+03   6.1995682475e+01   9.6835240871e+01
 -4.2426498396e+02  -2.9825566385e+03   1.1636805629e+03   9.9434500796e+01
 -1.4170472269e+03  -3.3914636229e+03   3.9301564526e+02   1.0325766744e+02
 -1.5015620744e+03  -3.2542437241e+03   2.4647744287e+02   9.7203132315e+01
 -7.3979316980e+02  -3.6455932155e+03   5.9322198544e+02   1.0056719868e+02
 -1.4325848612e+03  -3.4170281962e+03   1.4162912657e+02   1.0357276416e+02
 -1.4091472223e+03  -3.5836146632e+03   2.0048117090e+01   1.0399003540e+02
 -1.6125216298e+03  -3.6327353425e+03   4.0334118876e+01   1.0621346754e+02
 -1.5276734161e+03  -3.7392225320e+03  -1.1700005100e+02   1.0185570826e+02
 -1.7527074210e+03  -3.6810487409e+03  -9.7246053947e+01   9.6059972293e+01
 -1.3382112776e+03  -3.7993596169e+03  -1.5630836771e+02   1.0077083165e+02
 -1.8292468846e+03  -3.5149826938e+03  -4.1189554924e+01   9.5195230471e+01
 -1.2176125263e+03  -3.7791717763e+03   8.3205405716e+00   1.0430058314e+02
 -1.2837068404e+03  -3.3272013579e+03   4.2778058274e+01   9.6439884595e+01
 -1.7727856658e+03  -3.3415602504e+03   4.7619451899e+01   1.0766002035e+02
 -1.8650199265e+03  -3.8291916080e+03  -3.9123411580e+01   9.8718490379e+01
 -1.9264429272e+03  -3.7205106702e+03  -2.0182706842e+02   1.0635908328e+02
 -1.3453435176e+03  -3.2112531818e+03  -9.4920212306e+01   9.3833269716e+01
 -1.5140935290e+03  -3.1312302950e+03  -1.6317328778e+02   1.0501016381e+02
 -1.9781169924e+03  -3.5602888152e+03  -3.2029168743e+02   9.9493091322e+01
 -1.1596658163e+03  -3.2800693082e+03  -1.1983198029e+02   1.0574745133e+02
 -1.3383163638e+03  -3.9882660629e+03  -2.3100079247e+02   1.0236610420e+02
 -1.2094085832e+03  -3.9759007908e+03   5.9583318852e+01   9.9163129280e+01
 -1.5390948281e+03  -3.0923961207e+03  -3.5491549175e+02   9.2216180360e+01
 -1.9110210896e+03  -3.9456105122e+03   1.1491397695e+02   9.9768248025e+01
 -1.3589539784e+03  -3.0569126139e+03  -2.6820038451e+02   9.6539058233e+01
 -1.9976574109e+03  -3.9199255052e+03  -1.8949968001e+02   1.0574877514e+02
 -1.2073870485e+03  -3.0752138498e+03  -9.3382720728e+01   9.9921861994e+01
 -1.3307940371e+03  -4.0213049371e+03  -4.3623890173e+02   1.0565032327e+02
 -1.2385443236e+03  -3.0428693454e+03   9.9131846945e+01   9.7761727421e+01
 -1.0464725918e+03  -4.0067175681e+03  -4.5875379649e+01   9.7354931300e+01
 -1.9634549777e+03  -3.8892925691e+03   2.9283126131e+02   9.4075976586e+01
 -1.2641043112e+03  -4.1736316361e+03  -2.7635136986e+02   1.0238862556e+02
 -1.4747917718e+03  -4.0794838435e+03  -5.7773486137e+02   1.0444784270e+02
 -1.1073803970e+03  -3.0648380773e+03  -2.5987111184e+02   9.4570737806e+01
 -1.0246882360e+03  -3.1009509161e+03  -5.2700323128e+00   1.0454108952e+02
 -9.9496067963e+02  -3.1281040366e+03   1.8576243053e+02   9.0688061535e+01
 -1.0583842341e+03  -3.0729949133e+03  -4.4234097943e+02   9.4538782144e+01
 -8.4377228080e+02  -3.1835187423e+03   3.8591612034e+01   9.9105350697e+01
 -9.5241008088e+02  -2.9927191805e+03  -1.6594651401e+02   1.0046455192e+02
 -2.1427825375e+03  -3.7282595744e+03  -2.1801060569e+02   1.1072334202e+02
 -1.1197026067e+03  -4.2380006475e+03  -1.4355643433e+02   1.0408102544e+02
 -1.0744936991e+03  -3.1153144817e+03  -6.3302052083e+02   1.0144373808e+02
 -2.1256181270e+03  -3.7080067371e+03  -4.3741910563e+02   9.5770546707e+01
 -2.0351299167e+03  -3.5491472850e+03  -5.1348631909e+02   1.0224627751e+02
 -2.1216767665e+03  -3.4251176799e+03  -3.7556627069e+02   1.0243796687e+02
 -1.8498180719e+03  -3.4896569190e+03  -4.9448557671e+02   9.3305791524e+01
