# generation_info:
#   script_name: PyFracVAL
#   timestamp: '2025-06-02T16:19:46.866520'
#   iteration: 1
# simulation_parameters:
#   N: 80
#   Df: 1.6
#   kf: 1.25
#   rp_g: 100.0
#   rp_gstd: 1.0512710963760241
#   tol_ov: 1.0e-06
#   n_subcl_percentage: 0.1
#   ext_case: 0
#   seed: 822296848
# aggregate_properties:
#   N_particles_actual: 80
#   radius_of_gyration: 1348.033127834186
#   center_of_mass:
#   - 1025.5844919096978
#   - -1295.8513457500105
#   - 1207.680287669413
  1.2291340186e+02  -1.8443788460e+00   6.0969194824e+01   9.7450919022e+01
  6.5455954088e+01  -1.2317111018e+02   1.9758486031e+02   9.4083344486e+01
  2.6471063637e+01   1.5985259351e+02   1.0276537008e+01   9.7528005549e+01
  5.5738420536e+01  -2.9100931346e+02   9.5826793475e+01   1.0243331411e+02
 -8.9411749564e+01   1.5258001646e+02  -1.3950414900e+02   9.1987087978e+01
 -2.8336463556e+02   1.1070239424e+02  -1.1580213104e+02   1.0784594954e+02
 -3.8056400508e+02   2.5838817334e+02   4.1451759326e+00   1.0580367773e+02
 -8.5578795166e+01  -4.3407590824e+02   9.5783611982e+01   9.8660216027e+01
  6.8790466135e+01  -5.0518182162e+02  -1.2214185737e+01   1.0270870924e+02
  2.7030428412e+02  -5.1205317088e+02  -2.3118825736e+01   9.9216884609e+01
  4.2509550416e+02  -7.1389714906e+02  -2.1193357382e+01   9.7425470751e+01
  3.9605134813e+02  -8.0727019829e+02   1.6449715956e+02   1.1243890785e+02
  3.6444715822e+02  -8.1360664132e+02  -1.7841039867e+02   9.8373923491e+01
  3.3349665749e+02  -9.7966777975e+02   2.6470839828e+02   9.6549866451e+01
  1.6032040554e+02  -9.6053626971e+02   3.2988239183e+02   8.9470773129e+01
  1.8724402284e+02  -7.5031734748e+02  -2.4882006885e+02   1.0253403443e+02
  4.1967081268e+02  -1.1241474343e+03   3.6015423742e+02   9.6867464246e+01
  3.8670281419e+02  -1.0332532609e+03   5.3124522756e+02   9.9654205295e+01
  3.5791597888e+01  -6.2660292808e+02  -1.7803025541e+02   1.0544262840e+02
  5.2226578313e+02  -1.2770783603e+03   4.0080016551e+02   9.1721208649e+01
  7.3652931339e+02  -1.1728290129e+03   1.2168486609e+03   9.9697656012e+01
  8.8428893237e+02  -1.3115722603e+03   1.1984270998e+03   1.0382616962e+02
  1.0002940163e+03  -1.3837539909e+03   1.3434492384e+03   9.5419413545e+01
  1.1631816846e+03  -1.2660345744e+03   1.3683631519e+03   1.0709220733e+02
  5.9549762629e+02  -1.3102005175e+03   1.2029271653e+03   9.7671731369e+01
  1.1577279205e+03  -1.3473004273e+03   1.5687447057e+03   1.0921001064e+02
  6.3176436278e+02  -1.1572235336e+03   1.0337325951e+03   1.1184600239e+02
  5.0070621799e+02  -1.2990928272e+03   9.5139452890e+02   9.8112781472e+01
  1.0717988653e+03  -1.2391542224e+03   1.7279001668e+03   1.0152647158e+02
  5.8153773036e+02  -1.1147491366e+03   8.2787489637e+02   1.0426549923e+02
  1.3661121571e+02  -1.4720221540e+03   9.5000339872e+02   1.0368433984e+02
  2.2839236777e+02  -1.3737090806e+03   7.8453429495e+02   1.0955089311e+02
  3.9855300739e+02  -1.2484204650e+03   7.8722204544e+02   1.0177611530e+02
  2.5287230406e+01  -1.6095883913e+03   8.5684836658e+02   9.6304058261e+01
 -1.0356526531e+02  -1.5937352757e+03   7.2257324349e+02   9.0468786685e+01
 -1.3322406798e+02  -1.7172882829e+03   8.9661259913e+02   9.9415875712e+01
 -1.6635381975e+02  -1.8290577217e+03   7.4302019320e+02   9.3406879855e+01
  2.7233955328e+02  -1.1159144433e+03   6.8401862568e+02   1.0831583511e+02
  5.6037367867e+02  -1.2454819673e+03   6.6056332100e+02   1.0374029985e+02
 -5.3453395686e+01  -1.9249893293e+03   6.1707507129e+02   1.0104504945e+02
  2.7543883728e+03  -2.0352961101e+03   2.2779224736e+03   9.9196942818e+01
  2.6487594062e+03  -2.1839174888e+03   2.3496895874e+03   9.6752824690e+01
  2.8949450716e+03  -1.9392571751e+03   2.3838865212e+03   1.0132248771e+02
  2.8376264751e+03  -1.7580687078e+03   2.4413506841e+03   9.7214189493e+01
  2.4853081860e+03  -2.1444851277e+03   2.4607126884e+03   1.0473499496e+02
  2.4429721503e+03  -2.1437237248e+03   2.6567036602e+03   9.5777799381e+01
  2.2698897510e+03  -2.0686692849e+03   2.5916024667e+03   1.0379387025e+02
  2.1568534592e+03  -1.9062390744e+03   2.5586045501e+03   9.6829256617e+01
  2.0487050809e+03  -2.0602061676e+03   2.5801077170e+03   9.2549527007e+01
  1.9760450305e+03  -2.0800761425e+03   2.3998414340e+03   1.0282250681e+02
  1.5671815963e+03  -1.9566092676e+03   2.1011018281e+03   1.0166536914e+02
  1.5272171512e+03  -1.9549168463e+03   2.2965120382e+03   9.7796836263e+01
  1.6693222666e+03  -1.7977786678e+03   2.0026847794e+03   1.1128014373e+02
  1.6355038755e+03  -1.8876814422e+03   2.4398330425e+03   9.4003905342e+01
  1.7074046750e+03  -1.8974249866e+03   1.8254321401e+03   9.5597010168e+01
  1.7907374819e+03  -2.0110320432e+03   2.4675426384e+03   1.0619765561e+02
  1.6807396814e+03  -2.1408535442e+03   2.5779937831e+03   9.6663364792e+01
  1.5052499789e+03  -2.1853339830e+03   2.6354642642e+03   9.3278735137e+01
  1.3956744418e+03  -2.3253392648e+03   2.5565047079e+03   1.0125375270e+02
  1.7241117546e+03  -1.6151230132e+03   1.9241855655e+03   9.4940860876e+01
  1.8734108560e+03  -1.6041993353e+03   1.7877907111e+03   1.0639917142e+02
  1.9938868352e+03  -1.4575425631e+03   1.7147169713e+03   9.6978413004e+01
  2.1493075087e+03  -1.5097540998e+03   1.6107608477e+03   9.7156864409e+01
  1.6770299731e+03  -1.5534407415e+03   1.7441902217e+03   1.0106863019e+02
  1.5767111928e+03  -1.4489370036e+03   1.6083209126e+03   9.7539924736e+01
  2.1806506939e+03  -1.6830791128e+03   1.5276195702e+03   9.7615893934e+01
  2.3324738056e+03  -1.6589393934e+03   1.6463791561e+03   9.6643784229e+01
  1.5920596879e+03  -1.3882526351e+03   1.4176979014e+03   1.0309731321e+02
  1.4655192810e+03  -1.5370038784e+03   1.3639182060e+03   9.9465424194e+01
  1.4873447665e+03  -1.2378862552e+03   1.3277494594e+03   1.0102516270e+02
  1.0814278716e+03  -1.1760841417e+03   1.0563982493e+03   1.0024988104e+02
  9.5314359650e+02  -1.1253538347e+03   1.1942309479e+03   9.4758508746e+01
  1.2340816889e+03  -1.3012212407e+03   1.0797554616e+03   9.8516416008e+01
  1.0066070076e+03  -1.0836392453e+03   1.3813868889e+03   1.0430376678e+02
  8.9558569716e+02  -9.1350988422e+02   1.3730787966e+03   9.9015576323e+01
  1.4136107497e+03  -1.2094065144e+03   1.1224162532e+03   1.0759173712e+02
  7.2265367557e+02  -9.2336047215e+02   1.2679374149e+03   1.0361025697e+02
  7.7161687406e+02  -8.2972206003e+02   1.5060055937e+03   1.0112987570e+02
  1.3473256180e+03  -1.4600833381e+03   1.1520698729e+03   1.0954782304e+02
  1.6157342164e+03  -1.2339421832e+03   1.1709005926e+03   1.0170858777e+02
