   7860.00586      -1477.65283       891.115601       87.0356827    
   7876.98730      -1642.72168       885.450928       79.0030060    
   8107.65332      -1366.57227       797.099243       200.203949    
   8319.94629      -1178.44922       743.057617       88.5518341    
   8364.84766      -1201.91846       547.008789       113.938713    
   8519.65234      -1122.65967       796.349487       125.535751    
   8403.62695      -976.594727       435.943237       140.244110    
   7865.38867      -1802.82202       804.473145       100.784180    
   8407.08008      -839.213379       218.532318       116.960510    
   7733.31738      -1834.55615       943.025208       93.2418289    
   8369.78711      -680.423340       125.097626       71.0169220    
   7921.00977      -1745.77417       1068.43323       135.567749    
   7568.24707      -1795.31128       772.362488       147.412231    
   7760.77539      -1835.13696       1210.66785       96.5767059    
   7379.64258      -1944.18628       863.627563       109.617599    
   7315.05859      -2079.76953       822.042358       46.2169838    
   7262.52832      -2194.95264       786.004395       85.4072037    
   7113.09473      -2206.69653       916.048157       113.035751    
   7166.32324      -2377.76709       618.996948       180.237885    
   7163.25000      -2311.78271       1142.65588       141.736588    
   7016.13867      -2461.77490       1184.37048       72.4582825    
   6916.10791      -2550.14282       1120.20959       75.6339111    
   6767.84473      -2574.41528       1115.78235       74.6668549    
   6606.77832      -2572.10522       1084.67859       89.3932495    
   8465.13672      -596.461914       82.4434814       62.9966087    
   6558.91895      -2732.29565       1176.36572       101.286163    
   8414.82715      -433.368652       266.876556       188.293594    
   8549.59570      -547.607422       33.3368530       46.2359200    
   8669.19238      -452.875488       207.315765       73.6790390    
   6709.83887      -2956.61841       1213.35547       171.597321    
   8534.39453      -283.081543       116.885895       55.3847427    
   8591.67871      -204.226074       251.342590       101.573395    
   8658.28027      -260.263184       80.5284729       75.7294769    
   8511.70117      -40.4838867       245.515411       80.7498322    
   8792.14746      -189.295410      -1.87432861       96.7437515    
   6510.03516      -2955.16138       1441.90588       131.977188    
   6505.67920      -3160.08960       1093.98047       140.382477    
   6474.56104      -3131.68652       1465.46265       49.6103477    
   8660.73242       16.3701172      -90.5856323       162.943130    
   6343.88770      -2956.96387       1546.22388       64.2134171    
   6617.51367      -3241.30908       1537.75330       144.500244    
   6314.24902      -3179.01685       1351.08179       152.929108    
   8647.52051       224.870117      -171.112244       60.9551735    
   6635.83496      -3429.67993       1612.84924       59.1131401    
   8874.92676       178.610352      -140.664978       110.384369    
   6165.57812      -3000.45605       1589.26660       124.304260    
   6453.55664      -3277.33691       1670.88818       69.7537537    
   6021.32227      -3145.92822       1436.90881       131.010406    
   6147.58789      -3206.92627       1697.89526       109.690475    
   8812.77148       254.855469      -322.330505       96.2029953    
   5227.66895      -5094.81982      -156.338257       134.822708    
   5125.74023      -5141.92334      -373.294189       109.469757    
   5417.84277      -4998.53857      -165.689514       78.5371933    
   5005.20703      -5193.52783      -462.298096       48.9948006    
   5114.83301      -5314.43701      -595.833618       161.885117    
   4974.96289      -5148.00879      -707.724365       82.6202927    
   5113.78613      -5507.17334      -745.107178       81.8969345    
   5030.52441      -5670.45117      -915.085327       168.063660    
   4688.31738      -5613.30811      -975.265503       184.062485    
   4939.03125      -5989.99170      -871.555298       167.163818    
   4375.16895      -5582.80078      -906.865234       137.932617    
   5392.42188      -4948.27197       32.4363403       127.443779    
   5251.94092      -4801.35254       118.272675       93.2120972    
   5298.08057      -4622.51367       143.032715       93.1356354    
   5264.05859      -4455.64258       174.208099       79.9941864    
   5267.29004      -4291.05127       179.062714       84.6992188    
   5230.03418      -4245.61035       334.832153       81.7959061    
   5065.62939      -6334.27002      -916.141235       202.350647    
   5346.11133      -4058.06348       237.745850       159.185287    
   5222.24805      -4112.08154       466.958984       106.212524    
   5265.99121      -6319.58301      -1146.17639       103.063263    
   5196.64648      -3930.91211       437.651276       79.0869370    
   5453.70312      -6257.31592      -1223.19385       109.174110    
   5395.69678      -6524.68457      -1052.82166       156.947205    
   5490.08789      -4114.94678       659.646606       223.748367    
   5668.26855      -6601.91260      -1151.32300       142.992203    
   5353.74463      -4253.92773       889.352539       77.3658905    
   5256.00293      -3839.85425       579.494629       99.6183624    
   5727.77832      -3900.13379       728.516602       103.957870    
   5707.65479      -6476.32129      -1410.37488       147.579208    
   5855.40527      -3902.29004       849.329163       71.7932968    
   5874.20898      -6596.00000      -1444.51868       60.3382759    
   5712.44189      -6605.17920      -1586.59192       70.7800598    
   6035.09277      -6543.65039      -1584.32385       159.134262    
   5912.11279      -3793.01074       952.017822       88.5240936    
   5893.16211      -6741.79834      -1596.77332       84.9138031    
   6076.26465      -3803.32861       1082.62915       121.508835    
   6035.07227      -6561.11523      -1805.39075       62.6223793    
   6291.54102      -3824.54492       1114.13965       97.0891800    
   6059.85547      -6681.90625      -1786.16760       62.1768494    
   6052.31982      -6644.61914      -1893.37805       51.5855789    
   6159.71875      -6752.86621      -1836.11023       70.1131897    
   6265.88770      -3696.18628       1278.73242       113.210800    
   6113.16064      -6942.46973      -1889.62732       132.328781    
   6387.43066      -3581.96973       1211.87207       66.4793396    
   6291.75732      -6679.17236      -2051.02588       192.669479    
   6434.01758      -3468.46118       1401.54346       159.417877    
   6279.21191      -6495.98730      -2258.61084       84.4735413    
   6717.18164      -3451.95044       1403.90576       124.234917    
   6314.59424      -6355.76611      -2316.44385       71.2683105    
   7733.75879       1073.12891      -1436.18445       109.853539    
   7668.49805       936.941895      -1353.16882       62.4724808    
   7586.68164       1167.14307      -1639.31482       157.975525    
   7655.27539       836.232422      -1266.33386       71.1585999    
   7560.78809       710.885742      -1280.54041       86.4559021    
   7737.31055       727.877441      -1158.02783       102.628815    
   7639.35059       596.791992      -1097.74756       71.7624893    
   7387.36816       1344.56445      -1809.90149       158.728821    
   7421.24902       1249.94678      -1995.58948       52.4085159    
   7440.57422       1553.79492      -1815.01843       57.2228088    
   7317.08789       1549.97119      -1907.42566       79.2707443    
   7888.36230       694.431641      -968.842529       141.762833    
   7631.43652       546.840332      -885.729858       146.209961    
   7802.42285       481.330566      -786.217163       62.1889000    
   7826.18262       449.259277      -652.998169       76.8863983    
   7720.62500       377.371582      -518.436890       108.628860    
   7737.39844       184.669922      -528.320435       85.0541077    
   7190.34668       1744.72119      -2043.09583       189.793045    
   7807.03516       192.125977      -379.651733       79.2858505    
   7038.50293       1903.45557      -1909.12976       67.5027695    
   7196.81152       2009.33740      -2033.21326       75.0912018    
   7002.99170       1802.62793      -2261.72461       103.902565    
   7650.38086       48.5292969      -427.658997       105.309906    
   6841.77148       1863.43604      -2262.74609       68.4073257    
   7791.23633      -150.255371      -632.208008       212.803986    
   7645.44922       69.6074219      -246.147888       77.4872589    
   8024.00293      -344.431152      -729.700928       105.611610    
   7710.38477      -284.677734      -389.111572       76.5092850    
   6775.01270       2015.46973      -2259.63525       97.6689072    
   7909.83105      -275.001953      -351.712830       116.298355    
   7725.67383      -437.638184      -388.325439       77.2109604    
   8089.02637      -390.627930      -397.422668       101.804840    
   6614.34863       2124.61475      -2303.19775       101.386787    
   8166.44531      -553.677246      -451.304749       86.5639725    
   6705.09863       2291.25000      -2205.01025       112.259033    
   8145.66699      -533.933105      -256.864685       106.756447    
   6673.99707       2399.22314      -2061.36963       70.1066971    
   6684.86182       2259.30176      -2469.55713       123.971519    
   8156.40137      -454.244141      -66.8647461       99.5597763    
   6519.16162       2218.33447      -2583.24170       81.1108551    
   6632.06543       2458.49365      -2529.14697       90.5380402    
   6408.23145       2198.22412      -2746.77930       117.520920    
   8219.05371      -731.692871      -370.748108       115.787148    
   6236.26855       2188.01270      -2760.69775       55.3066330    
   8321.74121      -623.823242      -69.5358276       137.295135    
   6179.71826       2185.52539      -2643.54346       74.8060608    
   6205.73828       2048.43848      -2852.19141       114.356651    
   6141.11182       2284.69678      -2737.11670       66.9071045    
   6230.98877       2282.63037      -2889.13379       104.313957    
   8192.37305      -896.385254      -166.717529       147.771164    
   7354.54297       4300.64746      -3858.83008       73.1504898    
   7339.15820       4158.62793      -3754.43311       103.785583    
   7417.45508       4522.79980      -3954.97168       176.949127    
   7511.64258       4771.97461      -4008.87451       94.8349152    
   7434.09961       4857.83984      -4138.38037       78.8247375    
   7183.34375       4047.34766      -3604.53955       139.377014    
   7452.13672       4957.13770      -4246.23145       68.8821106    
   6935.29102       4049.47266      -3741.57031       144.013031    
   7315.08008       3895.00098      -3475.39844       99.8773041    
   7571.14941       4871.06934      -4341.99658       106.450226    
   7600.36230       5008.16309      -4463.51172       79.0592575    
   7652.64160       5195.10938      -4473.74756       115.326416    
   7705.60156       5343.92285      -4386.99268       64.8857956    
   7177.61133       3759.95215      -3386.76123       112.232574    
   7149.04785       3589.71680      -3574.68311       142.935318    
   7102.81934       3553.43359      -3355.09082       84.3733521    
   7192.05273       3379.96777      -3440.71631       109.633125    
   7598.51855       5363.28613      -4520.44434       67.4118042    
   7684.21289       5477.44336      -4573.52734       84.8770828    
   7731.58887       5577.35254      -4495.82861       50.2620468    
   7018.58984       3211.99902      -3294.73633       172.523682    
   7813.81055       5690.11816      -4512.79443       90.3299713    
   6706.15674       3207.97949      -3504.51660       203.824493    
   8036.66895       5690.13672      -4500.16650       132.885452    
   6919.41602       3140.03223      -3062.13818       90.3681412    
   7818.92578       5835.93555      -4417.94580       83.6957474    
   6616.42969       2985.17432      -3587.81543       50.3971405    
   6758.55908       2875.48828      -3518.63135       133.058624    
   8089.76660       5812.42773      -4645.56396       64.3831787    
   6788.87695       3002.67725      -3038.51904       100.596008    
   8218.92480       5897.98633      -4623.22852       92.1443787    
   6645.82031       2857.78516      -3004.68896       105.806602    
   8079.81641       6061.93457      -4585.73145       126.119171    
   6476.90918       2914.58887      -2886.26855       108.159698    
   6710.76270       2724.81689      -2882.44092       86.1411743    
   8132.95605       6160.42383      -4426.13281       68.8071823    
   8353.82910       6064.64648      -4540.28906       137.757172    
   6707.31348       2674.82324      -3085.66748       103.514412    
   6263.79346       2873.09619      -3045.88818       161.316727    
   6699.61914       2607.93359      -2743.31592       95.9064255    
   6527.32373       2472.42969      -3025.00000       174.056595    
   8437.32812       6102.60742      -4742.79590       84.5554352    
   8617.58398       6144.46094      -4582.34424       141.003494    
   6394.66113       2442.78125      -2755.72754       127.579155    
   8818.86816       6166.39258      -4403.67676       129.024460    
   8665.90332       6388.25098      -4597.20264       107.973030    
   9010.57715       6270.31641      -4371.44580       91.4081573    
   8896.84668       6425.63770      -4596.40576       125.973404    
   6428.27197       2521.42529      -2541.46777       103.119492    
   8758.54492       6529.42676      -4776.55811       123.736832    
   830.765869      -8329.50391       1483.80615       86.7493057    
   902.195923      -8208.01270       1397.86157       78.3252029    
   841.203369      -8558.57422       1599.53906       170.118484    
   836.693115      -8060.62939       1320.57715       100.529305    
   619.585938      -8579.52539       1724.90320       85.3417130    
   1029.10706      -8653.10547       1789.41003       113.237358    
   1143.74097      -8638.69824       1910.81250       54.3554077    
   814.695068      -7914.55566       1077.20630       184.166000    
   1104.69946      -8566.16895       2157.51465       205.744720    
   878.212036      -7676.38379       981.275330       80.3330460    
   914.514038      -8876.79004       2051.51636       173.594315    
   604.373291      -7848.15381       968.720215       61.6276627    
   742.214355      -7829.38281       836.736328       81.0204468    
   1038.14905      -7507.33984       1000.73663       153.169815    
   907.067993      -7336.97852       1016.12854       62.3395042    
   866.086670      -9146.43945       2159.10083       120.735725    
   862.166016      -7212.12012       1021.75079       70.4663925    
   693.863525      -9166.05566       2312.05469       110.441566    
   858.752197      -7119.32422       940.380859       52.9999809    
   703.792725      -9085.52344       2525.26929       117.703949    
   976.534058      -7078.27344       880.994019       85.1522598    
   757.728516      -7053.59033       804.089478       128.943695    
   1097.07898      -6904.31445       840.805664       130.278809    
   828.122314      -6786.97852       788.139465       147.258835    
   514.554688      -9317.36523       2285.84326       125.630096    
   567.088867      -9206.69629       2537.72363       65.3775711    
   1240.89197      -6744.13184       888.631958       90.2223053    
   978.710693      -6651.00195       828.028931       59.5299225    
   704.144287      -6513.67383       780.922058       152.937195    
   690.239502      -9219.53906       2754.95166       148.548233    
   662.024902      -6446.36133       596.177734       48.1521835    
   533.873535      -9099.38770       2927.18262       113.268486    
   840.754395      -9248.38477       2977.66992       121.807602    
   279.276123      -9214.83594       2966.79004       169.078064    
   687.903076      -9277.68555       3152.82031       112.494873    
   183.385498      -9189.31641       3220.43164       103.287315    
   735.949951      -6390.25537       575.923218       46.8546791    
   181.709229      -9320.41602       3128.58838       47.3621292    
   786.255371      -6278.71045       492.823669       101.054260    
   940.736938      -9534.11523       3141.41113       222.365387    
   290.269775      -9298.41016       3331.15918       85.3505936    
   864.794922      -6303.40479       199.538147       203.575272    
   1080.03687      -9401.83984       3335.35840       50.6021919    
   30.6174316      -9258.81055       3423.66748       160.281677    
   640.459717      -6270.92285       64.9163513       60.0401649    
   883.145996      -9887.74023       3136.58789       135.951965    
   961.804565      -6294.35156      -71.6063232       84.5196152    
   835.512939      -9636.49414       3373.27979       52.0811157    
   1104.86438      -9925.66211       3107.54883       90.8541489    
   1069.56506      -6408.73438      -250.204712       153.376328    
   3846.73682      -4300.91455      -31.1608276       165.448990    
   3613.21167      -4343.54053       36.6806030       81.4343719    
   3769.01245      -4069.44775      -104.625610       89.5342255    
   4072.75244      -4086.70459       145.011841       192.326767    
   3522.10156      -4443.45410       227.565979       152.489258    
   4277.35205      -4295.00195       77.4225464       107.392670    
   3487.50317      -4656.46680       179.941559       68.5053940    
   4312.05566      -4414.45117       325.243561       169.880493    
   4300.86768      -4509.49854       603.917908       124.778114    
   4273.96436      -4379.20166       744.200195       68.5563889    
   4569.59229      -4353.36182       618.113220       186.369843    
   3280.96875      -4746.59473       253.222443       168.460785    
   3200.27588      -4646.48633      -44.5714111       155.905167    
   3055.60547      -4818.42139       294.902893       71.6910095    
   2978.48340      -4918.99609       384.801697       83.7012329    
   2875.53540      -4998.85400       340.005493       54.0901413    
   2831.18530      -5131.04248       387.133606       93.0986176    
   2865.27051      -5308.92578       365.478760       89.3104172    
   2654.46484      -5116.02539       294.528992       106.967880    
   2866.02319      -5474.73340       275.136688       99.5148621    
   2579.40112      -5241.51855       155.978577       94.4699860    
   2708.36523      -5515.30615       167.185730       95.8200302    
   2571.46680      -5557.61279       165.858978       47.4832840    
   2599.72070      -5746.58008       131.709137       146.621490    
   2581.72656      -5902.13770      -9.33392334       64.1172562    
   2400.05298      -5827.80127       32.2617798       90.7412567    
   2364.58252      -5941.39355      -64.8297729       62.8467789    
   2346.70898      -6043.61035       51.7973633       93.2650986    
   2318.32031      -6171.22217      -75.3178711       89.0856552    
   2287.82129      -6254.74512       48.4816895       63.3473396    
   2165.63086      -6264.24414      -299.334167       197.524673    
   1897.58716      -6112.99756      -176.013611       134.035004    
   1977.14551      -6142.05176      -472.934204       86.3559113    
   1812.07898      -6222.88330       18.0579834       104.805992    
   1755.28796      -6242.36816      -292.860718       90.9776535    
   1732.67297      -6458.18213       3.51550293       143.953339    
   1698.23804      -6472.97559      -188.924744       52.1044121    
   1594.45642      -6561.54004       183.816956       105.626472    
   1594.93018      -6701.10059       269.292450       58.0321846    
   4660.48975      -4062.64111       700.349976       129.132233    
   4786.33496      -4006.60938       559.932190       67.5843201    
   4694.16211      -3883.42505       786.345154       72.4887695    
   1367.19958      -6606.72949       322.906281       164.628174    
   1456.78394      -6796.19287       356.309875       47.5964546    
   4912.85400      -3969.35962       734.461426       142.085068    
   1153.16187      -6423.42871       283.579010       119.895195    
   1408.24463      -6827.56934       262.475189       62.6174316    
   1154.01843      -6572.20801       96.2377625       119.361862    
   5144.22559      -3981.33472       664.765503       99.8344116    
   1013.71924      -6415.05615       450.427979       97.7123413    
  -4737.04395      -11815.4062       3266.73242       113.867638    
  -4960.35449      -11857.5342       3303.57812       116.333641    
  -4570.23535      -11909.1260       3167.70508       101.582039    
  -4407.56152      -12008.9502       3050.05908       122.627213    
  -5114.62891      -11951.3320       3359.66016       72.7370529    
  -5164.13477      -11865.3164       3472.90088       77.8363037    
  -4247.15625      -11864.7051       3118.04541       103.556458    
  -4027.06665      -11929.5566       3041.52930       138.300735    
  -3916.75659      -11905.2207       3318.21582       160.570831    
  -3929.78882      -12049.8770       2896.37256       73.8483124    
  -3754.29858      -11922.4521       3539.38770       114.410271    
  -5321.86328      -11992.2109       3462.12207       124.896301    
  -5348.71582      -12257.7939       3482.32178       142.791855    
  -5465.71387      -12261.2871       3676.33154       83.8109283    
  -5588.03027      -12219.3477       3772.96045       77.6037979    
  -5683.54590      -12105.5820       3930.72314       139.075058    
  -5658.43066      -12185.1699       4185.00830       128.573364    
  -5789.93164      -12045.1387       4181.33887       63.5647240    
  -5703.88281      -12122.3398       4382.00879       83.1419678    
  -5969.51367      -11887.0039       4098.45801       189.649155    
  -5867.08398      -12113.3926       4433.43848       88.1792603    
  -6093.72461      -11649.8906       4156.01758       84.0767365    
  -6225.27539      -11516.5449       4125.49902       105.707108    
  -6301.48242      -11616.1621       4329.37744       133.687775    
  -6382.23828      -11642.8418       4518.90771       74.0153656    
  -6556.67773      -11616.8770       4329.17285       121.475410    
  -6428.70020      -11561.9824       4753.96875       178.877304    
  -6839.09473      -11620.1973       4137.35938       219.944000    
  -6540.43457      -11626.1172       4970.83350       73.3622665    
  -7091.24805      -11469.5996       4293.06396       112.485123    
  -3561.72778      -11849.3262       3342.96094       170.227600    
  -7208.63574      -11626.0840       4159.99805       124.077103    
  -3384.41821      -11864.1270       3102.14404       129.189957    
  -7180.96973      -11642.8506       4514.26562       182.500153    
  -3428.08276      -11812.2617       2895.13623       88.6265488    
  -3296.92261      -12006.4004       2935.48242       106.772079    
  -3161.64478      -11799.1914       3108.35693       102.942360    
  -7304.51855      -11839.5713       4470.16113       53.9154816    
  -7400.67676      -11505.4150       4414.84033       95.0641403    
  -3158.94409      -12057.8818       3079.54150       99.2437668    
  -3092.66333      -11659.3770       3113.18604       53.0486336    
  -3080.01147      -11840.2715       2925.87402       101.152954    
  -7552.24023      -11575.0469       4490.63477       88.1187134    
  -3026.08472      -11999.4453       2821.51709       96.6739044    
  -7683.90918      -11594.3730       4514.19824       47.0101395    
  -2895.43970      -11915.7832       2895.19141       75.0738144    
  -2916.95142      -12231.4570       2792.23584       161.389771    
  -2748.90894      -12022.4053       2869.57520       107.954895    
  -2797.55151      -12499.6582       2815.10205       133.049225    
  -2489.30981      -12174.4775       2927.86963       198.502106    
  -1812.40161      -10908.8457       2804.78955       181.062103    
  -1859.78003      -11141.5693       2712.27930       73.8323212    
  -1960.30444      -10788.9033       2674.89600       49.4695816    
  -1538.83716      -10768.5078       2809.66113       126.429199    
  -1449.26245      -10709.3223       2598.96338       110.053787    
  -1440.07153      -10931.8906       3007.06250       148.199600    
  -1265.82788      -11010.6514       2934.87939       56.1880875    
  -1302.10376      -10489.7207       2417.85889       210.369492    
  -1047.07471      -10391.1348       2572.37988       103.709885    
  -889.093262      -10316.6406       2647.61523       86.4511337    
  -776.750244      -10213.9375       2701.99023       75.1667938    
  -743.088135      -10159.2617       2548.52783       91.2046432    
  -603.040039      -10233.2383       2560.56567       67.6322784    
  -692.361816      -9958.58301       2688.23145       158.522415    
  -653.942383      -9844.78906       2418.90234       136.385544    
  -457.110840      -9907.23633       2260.31592       123.977699    
  -282.952393      -9934.55664       2219.96484       56.8521156    
  -206.115479      -9821.76953       2147.04053       97.9045105    
  -252.741943      -9812.58594       1955.65845       99.2823029    
  -65.8249512      -9753.47363       2245.93140       86.8161621    
   90.1289062      -9664.22168       2171.05859       107.869110    
   79.9873047      -9519.36523       2098.39893       54.4866028    
  -2001.92505      -11231.5918       2641.70410       108.621193    
   93.6406250      -9356.02539       2142.60400       115.303528    
  -2033.41675      -11279.8311       2814.20703       73.2741318    
  -2211.53491      -11186.6270       2578.51172       114.894524    
  -2186.58813      -11391.5508       2772.45264       120.864014    
   77.5375977      -9282.47461       2346.67627       102.237228    
   138.620361      -9199.00488       2121.80835       49.3231010    
  -2402.04272      -11389.7080       2789.59863       95.2895966    
   45.4875488      -9189.01562       2579.72070       150.886459    
   115.324463      -9365.43750       1878.78589       149.544144    
  -8.20361328      -9048.31152       2148.63965       162.774689    
  -27.6186523      -8879.44238       2021.22546       49.6713562    
   96.3579102      -8802.95312       2214.08887       111.872337    
  -2469.28882      -11500.6895       2885.38379       66.0043793    
  -2421.82056      -11615.7324       2917.97363       62.6326332    
   112.388672      -8610.99121       2032.23364       153.049133    
  -2525.96509      -11673.4229       2918.46338       56.4497299    
   275.638672      -8716.81250       1795.86780       153.063812    
  -2681.09106      -11660.8955       2840.06641       117.800179    
  -2594.21167      -11773.9551       3065.27051       134.114059    
  -2846.02222      -11688.1602       2949.88428       82.2221832    
   164.834473      -8446.03516       2168.09985       66.9896851    
   512.371094      -8697.90430       1783.42639       84.7598877    
  -2910.42993      -11580.7695       2688.02002       168.795959    
  -2979.12524      -11600.7119       2993.72217       82.9491806    
  -3004.91040      -11723.5195       2437.61182       134.533691    
  -2970.44946      -11830.8818       2748.26221       95.3595200    
  -3185.89624      -11682.8848       2276.51221       111.132607    
  -9852.45117      -19070.7148      -1673.51025       140.556412    
  -10075.3379      -19176.2559      -1641.48486       108.134010    
  -10018.3389      -18939.5840      -1787.13086       99.5491180    
  -9692.23926      -19068.4141      -1511.66748       87.2221222    
  -9599.80273      -19192.6973      -1560.65332       75.3183594    
  -9523.74219      -19106.7930      -1465.75049       73.6628418    
  -9422.98926      -19165.4258      -1417.69873       52.4785995    
  -9246.92773      -19211.8867      -1286.96826       171.633331    
  -9025.19336      -19208.4023      -1368.85986       64.8915176    
  -9037.04297      -19345.0332      -1241.87451       81.0720825    
  -8920.81738      -19405.1543      -1146.54834       80.8400879    
  -8797.26953      -19347.3477      -1216.17139       72.2691116    
  -8669.25977      -19271.5000      -1234.48340       77.5796738    
  -8563.10352      -19295.1895      -1123.40381       77.9391098    
  -8434.41309      -19270.7949      -1056.69971       69.1444702    
  -8281.61328      -19194.3379      -1052.64746       101.760399    
  -10202.1523      -18886.0801      -1829.18994       96.4457321    
  -8102.13330      -19273.8906      -1199.75195       143.474335    
  -10252.1055      -19009.5293      -1919.23584       64.1977463    
  -10141.6191      -18726.1133      -2060.18311       190.896835    
  -7947.18750      -19421.2656      -1304.02881       94.3913193    
  -10162.3965      -18842.5625      -2298.75244       75.3946075    
  -7951.57910      -19288.5117      -1010.03564       99.2679214    
  -7768.76953      -19366.7832      -1230.54443       106.233742    
  -10083.8740      -18719.1094      -2387.86768       95.8869476    
  -7813.08594      -19356.0117      -936.750488       71.3067169    
  -7598.28174      -19259.3359      -1189.50049       99.3721161    
  -10281.7266      -18653.2461      -2384.28857       112.582413    
  -7664.67334      -19461.5820      -852.660156       129.326492    
  -7361.09082      -19247.4395      -1210.23535       139.016037    
  -10406.6377      -18823.8555      -2255.17334       135.131393    
  -10192.7949      -18512.8750      -2520.00146       101.925232    
  -7149.16016      -19240.2500      -1178.24658       75.4670639    
  -10160.6406      -18623.0840      -2659.79834       79.1533508    
  -7211.54395      -19091.4531      -1043.45703       133.953491    
  -7120.12109      -19388.3691      -1283.44434       108.394386    
  -7045.44824      -19156.2578      -1259.65576       80.8433762    
  -7013.03320      -19339.1758      -1028.43164       149.884430    
  -10619.1719      -18663.4004      -2405.89795       170.877487    
  -6940.21875      -19475.6445      -1158.95361       52.7296829    
  -6952.36133      -19251.4121      -864.635254       45.4586792    
  -10697.2490      -18741.4766      -2679.39209       124.223946    
  -10762.3320      -18536.4551      -2582.83643       89.6477203    
  -6814.14551      -19448.6426      -1163.91016       76.3167648    
  -10875.4805      -18813.0762      -2686.73340       67.9949265    
  -6886.56543      -19153.4609      -919.401855       84.5957108    
  -11014.6719      -18769.7461      -2727.67969       83.4401398    
  -6761.02246      -19651.4082      -1240.52930       146.963882    
  -6791.13574      -19156.4473      -726.255371       130.813156    
  -6735.32910      -19746.5938      -1025.17285       89.9249420    
  -12631.2607      -18151.9922      -2778.36572       75.4611893    
  -12631.0703      -18417.9277      -2690.96094       204.356461    
  -12637.6055      -17997.9805      -2815.17627       82.9696274    
  -12367.9502      -18423.0547      -2570.34570       85.2333298    
  -12785.4473      -18606.5215      -2582.50391       62.3204956    
  -12178.9492      -18395.1992      -2433.48975       149.758072    
  -12954.6680      -18730.0176      -2638.50049       154.594696    
  -11934.0977      -18343.9961      -2618.69189       161.634048    
  -11729.2969      -18330.1777      -2705.94580       61.4415932    
  -11660.0215      -18243.5547      -2637.84375       68.6735153    
  -11511.2500      -18362.0000      -2729.67090       142.473801    
  -12913.9453      -18953.5312      -2412.16895       166.175613    
  -13175.1162      -18742.1328      -2507.93896       101.824554    
  -11151.3535      -18423.3203      -2760.40674       224.057098    
  -13372.9570      -18784.1953      -2492.93359       100.720337    
  -11128.3027      -18645.2754      -2488.83838       127.560684    
  -13542.0928      -18662.5508      -2476.93799       108.164940    
  -13552.8564      -18936.7344      -2443.00635       140.448624    
  -10907.8887      -18505.3340      -2626.75049       65.6370850    
  -10847.5977      -18355.8145      -2708.15918       91.5023575    
  -13726.8525      -18804.8750      -2567.64697       110.882065    
  -10713.8662      -18399.1836      -2645.60254       62.3257713    
  -13789.6025      -18586.4805      -2532.32666       119.075523    
  -10603.8848      -18462.2559      -2642.45801       64.5511475    
  -13691.7666      -19122.3672      -2292.77246       135.869537    
  -13928.7158      -18353.5723      -2560.38721       153.652359    
  -13921.8604      -19140.1504      -2407.77490       121.976784    
  -10435.0176      -18407.1191      -2714.77051       127.258301    
  -13860.1182      -19236.7012      -2157.96680       108.092308    
  -10379.3027      -18399.5781      -2907.77783       73.7693405    
  -14172.0049      -18437.3340      -2532.31006       105.292801    
  -14059.0400      -19320.3594      -2456.85889       109.646156    
  -14050.6055      -19350.1641      -2161.02197       113.848900    
  -14214.5957      -19254.6602      -2514.07861       68.6164703    
  -14202.5146      -19544.2812      -2367.46436       171.072952    
  -14329.4434      -19469.3594      -2114.05713       121.979233    
  -14282.7705      -19737.7773      -2195.67480       99.7556915    
  -14553.2051      -19431.7461      -2149.03223       107.461082    
  -14654.3330      -19529.1230      -2262.96777       73.4778671    
  -10255.8184      -18248.8047      -2648.98926       120.803658    
  -14827.7021      -19508.0820      -2003.77148       212.480499    
  -10243.1260      -18032.4922      -2575.09033       108.085823    
  -14860.7451      -19642.5469      -2405.10791       201.587418    
  -15063.1748      -19354.2969      -2170.55029       114.424217    
  -10176.2275      -17851.4902      -2607.42090       87.5457840    
  -14883.5566      -19772.8203      -2622.25928       52.6890335    
  -15047.5996      -19577.9961      -2160.68652       66.6606598    
  -15017.5527      -19930.7129      -2218.75830       175.649658    
  -15236.0557      -19593.4336      -2488.18896       186.032196    
  -10167.1475      -17742.1562      -2791.55859       126.861000    
  -6719.52344      -17230.1738      -691.450684       80.2340851    
  -6710.25684      -17416.3633      -648.640625       111.001518    
  -6588.85645      -17032.0684      -777.299805       172.114746    
  -6659.29883      -17578.1484      -719.091797       72.8294601    
  -6596.24805      -17667.2793      -635.376465       64.8059006    
  -6490.01270      -17706.5312      -518.925781       97.6425858    
  -6660.48242      -17872.9434      -604.136719       152.962219    
  -6598.30664      -18105.2715      -448.226562       133.644745    
  -6613.18604      -18275.2305      -359.979980       58.3662148    
  -6529.70801      -18374.3887      -478.824707       117.347130    
  -6356.21143      -16754.3242      -710.284180       196.387039    
  -6743.60449      -18233.4922      -304.951172       89.3126755    
  -6318.20166      -18334.6445      -348.534180       134.229965    
  -6666.42383      -18533.4043      -603.627930       126.810028    
  -6910.94238      -18606.9648      -630.312012       129.863525    
  -6255.02734      -16471.6621      -822.040039       124.027206    
  -7125.21875      -18641.3320      -557.520020       99.0057449    
  -6125.49902      -16386.1719      -934.671875       67.7731857    
  -7214.50977      -18739.9062      -652.268066       64.2432022    
  -7134.12012      -18842.0801      -519.694824       105.486382    
  -6189.07764      -16250.8711      -933.887207       81.5806427    
  -7289.58887      -18900.0254      -737.138672       131.994965    
  -5952.89404      -16324.0996      -1005.49316       128.739029    
  -7107.04199      -19100.5977      -685.942383       143.879166    
  -6285.36475      -16123.8398      -956.768555       79.7116852    
  -6091.85693      -16090.8467      -832.321777       131.733612    
  -7265.15186      -19190.0781      -837.419922       92.7267456    
  -6318.37207      -15908.7451      -989.449219       140.207840    
  -6959.97266      -19311.2754      -532.997070       155.104752    
  -5830.42334      -15973.5059      -834.203613       154.792694    
  -7335.09863      -19297.3203      -733.612793       72.1050949    
  -5778.07080      -15781.3926      -865.446777       46.8705940    
  -7006.56250      -19481.8535      -372.233887       83.9423904    
  -7499.12793      -19392.0859      -667.611816       128.579102    
  -7023.28223      -19669.5098      -471.653320       129.158249    
  -5881.35889      -15733.2070      -928.556641       83.4424286    
  -5625.14209      -15766.4277      -783.126953       127.498970    
  -5762.81885      -15614.2783      -1049.57812       123.556290    
  -7402.48633      -19657.0312      -682.738281       153.881104    
  -5828.82031      -15588.2930      -1212.33545       53.9305267    
  -7320.41846      -19893.1680      -666.073730       96.6539230    
  -5456.27246      -15649.8809      -956.614746       141.163971    
  -7589.03809      -19800.5957      -518.602051       133.155304    
  -7286.09961      -20044.9375      -766.589844       88.7154007    
  -7545.00879      -20016.3711      -743.573242       171.030258    
  -5547.12549      -15582.0801      -781.016602       67.7898788    
  -5797.21582      -15521.4932      -1377.98828       127.519318    
  -7487.92578      -20251.4004      -795.377441       76.2180328    
  -5154.48682      -15637.8008      -1048.42725       174.697632    
  -7426.62256      -20212.8027      -690.298340       51.3060341    
  -5170.69336      -15436.6670       572.640625       81.8706818    
  -5070.38574      -15362.9736       706.162598       100.751495    
  -5243.91504      -15518.3896       384.053223       136.020676    
  -5130.16162      -15748.2344       410.181152       121.611366    
  -5258.72021      -15513.1592       137.955078       110.722351    
  -5257.35596      -15419.2217       11.4291992       46.8301315    
  -5395.32275      -15513.1201      -135.597656       175.642883    
  -5078.71680      -15420.5557       880.801270       83.3597107    
  -5251.70215      -15332.4658      -306.944336       111.726616    
  -5607.38574      -15330.3496      -265.321289       132.837921    
  -5573.64746      -15300.1191      -487.553223       93.9383698    
  -5512.52051      -15369.8701      -620.575684       68.2543030    
  -4920.52588      -15294.2422       942.142578       128.222900    
  -5795.34424      -15293.6396      -384.510254       92.8319016    
  -5518.53027      -15545.2314      -612.223145       107.317757    
  -5543.93555      -15375.5010      -774.549316       89.0345154    
  -5658.70068      -15388.3203      -875.884766       64.5332413    
  -5809.60400      -15272.9307      -898.383789       126.539680    
  -5605.29004      -15349.4775      -1048.69482       120.579590    
  -4725.96680      -15327.0430       1104.00732       126.976013    
  -4591.10840      -15458.5029       1181.77930       76.6696243    
  -4428.36768      -15442.9102       1180.23145       86.8842697    
  -5725.23779      -15318.3887      -1196.38770       72.1489944    
  -4548.04102      -15539.2363       1302.62402       75.0133057    
  -3905.39917      -13611.9443       2131.25781       127.603592    
  -3696.83496      -13602.3516       2171.77148       85.0646362    
  -3939.25659      -13849.1621       2047.06934       126.289558    
  -3926.28735      -13369.6309       2145.00195       115.917671    
  -3808.20923      -13269.2744       2071.86621       55.5871773    
  -3839.92603      -13204.7217       2232.04785       89.6677246    
  -3691.03174      -13112.3955       2259.60059       87.7089996    
  -3813.25928      -14156.2490       1957.66895       217.619675    
  -3499.76465      -13099.2041       2155.42871       130.537140    
  -3764.49072      -13051.2598       2448.78613       124.297272    
  -3535.48779      -12890.8564       2125.36816       83.0625076    
  -3385.45264      -12785.2002       2051.34082       114.720932    
  -3428.54443      -12683.7744       2212.30859       80.6173248    
  -3303.18652      -12599.6602       2285.80469       87.0643082    
  -3923.75024      -14480.9854       2050.06250       137.636124    
  -3270.11621      -12581.6152       2528.75000       158.812256    
  -4077.94580      -14536.4473       1900.14746       84.4894714    
  -3038.62988      -12562.2559       2385.34277       114.156601    
  -3343.07031      -12444.8477       2672.95117       53.0108032    
  -2823.24194      -12580.4512       2344.99805       105.723427    
  -3312.50977      -12330.0371       2740.84082       83.7502670    
  -2813.28369      -12399.5420       2400.47266       83.9160233    
  -2705.67822      -12308.7666       2302.62012       87.4267120    
  -4172.89111      -14659.5078       1758.94824       125.522446    
  -2573.42358      -12245.2061       2154.69824       121.066772    
  -2588.28931      -12178.1523       2411.01562       118.785355    
  -4269.05811      -14633.2637       1584.07520       75.7894516    
  -2637.94141      -11980.2842       2472.98730       94.2340012    
  -4399.97070      -14623.8887       1694.48535       95.7598572    
  -2610.68506      -11903.3096       2341.19434       60.7229843    
  -4105.13721      -14886.2490       1730.02051       112.998131    
  -4318.54395      -14772.3945       1503.06055       92.6321716    
  -4135.26074      -14925.3281       1546.46875       76.7885666    
  -4061.03149      -15079.0713       1771.37988       89.1565094    
  -4038.97583      -15078.8574       1395.11328       159.510605    
  -2624.58032      -11680.7070       2397.13574       169.129913    
  -3909.79639      -15219.4688       1306.60156       50.8630219    
  -4069.38159      -15239.1699       1188.00391       104.107857    
  -2662.90381      -11695.8320       2644.39453       81.7505798    
  -4268.03418      -15207.6465       1196.72266       97.2056427    
  -2793.74731      -11390.6855       2420.59180       167.568237    
  -3884.20947      -15361.2070       1151.15234       120.708046    
  -2439.50903      -11501.5537       2277.68066       114.687668    
  -4256.82666      -15388.0664       1207.46582       83.8558121    
  -2261.97437      -11467.6895       2327.04004       72.6990128    
  -3736.85938      -15398.4209       1017.96973       81.2317123    
  -4388.32666      -15300.7217       1123.91260       71.2467194    
  -3768.21021      -15498.8525       918.755859       63.6128006    
  -4504.77979      -15371.8262       1034.41309       92.0624542    
  -2350.46167      -11293.1943       2338.87988       120.147392    
  -814.068604      -31376.7480      -8559.10449       91.8353653    
  -973.700684      -31263.3633      -8414.39746       151.623779    
  -696.383301      -31393.9004      -8659.97266       64.0082169    
  -903.435059      -31136.8730      -8253.39453       64.9788208    
  -1106.86768      -31041.8047      -8371.68457       110.493767    
  -996.728760      -30888.6875      -8291.33594       94.6060867    
  -1092.01416      -30889.3164      -8134.42773       89.0257797    
  -1226.57812      -30751.8203      -7980.20898       157.510147    
  -1366.78589      -30521.5254      -8029.55176       116.645309    
  -1574.77710      -30597.6934      -8050.53564       105.946854    
  -1494.64136      -30328.3438      -8058.95752       116.753067    
  -618.241699      -31476.9219      -8625.85156       55.0302925    
  -467.600586      -31450.2402      -8628.26953       97.8967438    
  -419.205078      -31601.6816      -8660.25098       64.1909027    
  -246.439941      -31646.2812      -8568.47266       136.586456    
  -58.8857422      -31614.7441      -8593.18164       55.1771393    
  -1459.36401      -30014.7695      -7954.71680       215.747650    
   65.6337891      -31679.3828      -8589.02637       85.2040253    
  -1705.29663      -30161.4941      -7826.15771       98.2149353    
  -1593.63354      -29884.3457      -8176.33740       74.4833984    
  -1750.66650      -29926.1250      -7990.78369       90.8336258    
  -1594.19189      -29934.6406      -7594.25293       177.289337    
  -2017.71509      -29910.3652      -8007.54639       177.269531    
  -1824.73291      -29796.3906      -7530.74365       98.9170532    
   171.039551      -31879.9160      -8530.97363       148.635101    
  -1686.29712      -29607.9883      -7521.86182       134.985397    
  -1987.93066      -29604.5996      -7592.21240       160.417221    
  -1613.68213      -29354.1191      -7486.51221       131.484268    
   102.672852      -32007.1406      -8368.65039       68.6341934    
  -2050.95898      -29412.0547      -7743.70898       92.5628204    
   306.430176      -31929.7383      -8393.12402       50.9196396    
   185.075195      -32136.0625      -8331.33496       88.7569199    
   356.486816      -32031.7773      -8331.41113       78.3947144    
   93.6547852      -32346.2070      -8268.92871       148.675339    
   69.4501953      -32476.8633      -8455.31445       80.3636703    
  -1684.55664      -29139.3730      -7318.25537       150.361557    
   62.6904297      -32649.5312      -8340.29102       127.269829    
  -1513.26611      -29073.2539      -7230.09961       53.3438034    
  -103.023926      -32825.3438      -8420.35352       127.442871    
  -1914.58936      -29187.6543      -7273.34033       88.9827271    
  -1459.93115      -29032.5527      -7104.99951       88.6219482    
  -1645.16284      -28911.2656      -7318.52588       81.1868744    
  -222.265625      -33027.0938      -8484.54102       115.349159    
  -1437.64819      -28932.6836      -6935.41162       109.477867    
  -1609.29517      -28765.2949      -7224.34521       95.9988632    
   35.9975586      -32963.5117      -8421.97363       68.7069321    
  -1769.67651      -28647.4043      -7072.95459       154.009674    
   205.923828      -32878.2812      -8554.57422       163.080902    
  -176.973633      -33142.4609      -8336.88770       77.4282150    
  -1519.05127      -28584.2539      -6995.10059       115.857956    
  -2237.39429      -28230.3086      -5917.28809       168.236404    
  -2003.00269      -28180.3398      -5948.89844       73.4208374    
  -2160.62256      -28414.6055      -5698.76416       127.781357    
  -2274.01758      -28347.4102      -6182.53711       124.039368    
  -2567.26904      -28114.0938      -5741.97119       223.001556    
  -2144.39233      -28393.2578      -6370.43359       108.788177    
  -2810.49951      -28314.9141      -5811.33398       99.9610901    
  -2793.46484      -27788.0918      -5801.33789       178.119125    
  -2118.66113      -28284.6523      -6551.22266       103.586594    
  -2839.30469      -27521.5781      -5797.24365       92.3977280    
  -2100.45142      -28473.4570      -6608.67725       94.5965347    
  -2896.23584      -27588.5449      -5690.01270       46.2534561    
  -3041.27783      -27543.6406      -5821.01514       112.159332    
  -3197.06616      -27462.5566      -5930.24170       94.7143555    
  -3277.33838      -27400.4883      -5768.95459       95.8713150    
  -3402.75195      -27384.5547      -5657.91309       72.2875137    
  -3589.09131      -27409.4258      -5717.51611       124.884293    
  -3584.44531      -27369.4883      -5494.88086       101.405022    
  -3777.40259      -27412.6895      -5764.16748       69.2220917    
  -3745.57983      -27407.6992      -5461.55078       67.5047302    
  -3767.29907      -27184.5352      -5599.55957       178.862564    
  -3879.99756      -27395.8496      -5347.64307       109.149635    
  -4078.25732      -27252.0566      -5701.86816       155.485397    
  -4247.33643      -27273.1738      -5815.53418       49.2940140    
  -4392.90527      -27228.4902      -5822.42920       103.210953    
  -4437.32568      -27210.7031      -5654.66943       71.3248138    
  -4591.72705      -27211.3906      -5923.05469       120.242287    
  -4628.58008      -27114.5039      -5777.46875       58.4289894    
  -4737.33203      -27061.5059      -6139.05762       180.277664    
  -4856.90527      -27270.4258      -6274.13965       95.8166275    
  -4862.79102      -26876.7500      -6344.09180       122.913826    
  -4802.51074      -26675.3027      -6364.18213       88.3247757    
  -5067.50391      -27049.5352      -6287.41309       150.831360    
  -4825.97119      -26489.2949      -6262.13721       125.189186    
  -5277.29639      -27038.3652      -6112.96973       122.269714    
  -4916.05615      -26244.1875      -6252.76025       136.124664    
  -5496.39209      -27156.6523      -6032.19336       139.418747    
  -5130.94287      -26226.9297      -6219.52393       82.0537720    
  -5272.28369      -26230.4863      -6204.47266       60.1249886    
  -5332.84473      -26043.8086      -6082.06982       171.131027    
  -5249.66455      -25883.1270      -5891.01221       91.8835602    
  -5434.24609      -25982.9805      -5844.27881       94.4046860    
  -5586.46338      -25964.9902      -6113.05713       96.2538147    
  -5703.56445      -25941.3887      -6214.19238       60.3887329    
  -5765.85352      -25907.9707      -6102.39502       71.8614960    
  -2007.86353      -28671.6484      -6699.38867       142.221970    
  -1932.76807      -28630.5156      -6905.27295       80.6528549    
  -1999.47266      -28880.9141      -6771.76660       79.3520126    
  -1701.72314      -28801.9746      -6623.78467       199.051849    
  -5844.24512      -25978.1992      -5982.49854       87.6174698    
  -5737.97314      -20781.8398      -2946.82861       101.168152    
  -5825.08008      -20919.4609      -3026.61523       80.0052795    
  -5711.54639      -20564.3496      -2843.91211       140.942261    
  -5672.67188      -20587.6602      -2631.71143       76.1597595    
  -5974.99658      -20444.3008      -2665.50732       199.096710    
  -5743.75879      -20247.2109      -2654.99805       104.915413    
  -5966.10986      -20366.9199      -2308.00195       166.893509    
  -6192.30713      -20366.2480      -2242.92773       68.4498978    
  -5795.68848      -20913.8945      -3221.82617       117.529297    
  -5746.15186      -20720.7266      -3377.68750       135.616806    
  -5543.39258      -20831.6250      -3504.59033       128.081696    
  -6271.91309      -20249.9473      -2149.56934       100.639320    
  -5485.11426      -20834.5762      -3718.20459       93.2896576    
  -6276.46973      -20400.2910      -2103.29541       56.8364334    
  -5310.14355      -20737.0137      -3524.95654       124.412003    
  -5606.53809      -20791.2930      -3836.21143       81.4687576    
  -5352.56885      -20999.3203      -3817.93018       140.478546    
  -5508.25732      -20951.1133      -4009.47314       111.045586    
  -5057.76172      -21152.2070      -3723.50952       204.782059    
  -5488.07910      -21091.4395      -4090.71533       52.4089279    
  -5134.51270      -21198.2148      -3995.56543       81.6654663    
  -4794.42383      -21358.0664      -3779.44214       134.081543    
  -4730.91846      -21285.7930      -4011.27930       116.822159    
  -4762.66016      -21337.8027      -4214.22852       95.2116470    
  -6458.14209      -20482.1777      -1961.18604       187.805984    
  -6489.39648      -20714.3770      -1860.10645       67.4824295    
  -6546.84229      -20178.9492      -1879.44922       138.663422    
  -4706.52295      -21454.2207      -4327.92773       76.9176102    
  -6614.24414      -20606.9258      -1774.56201       85.6529007    
  -6628.73730      -19928.8105      -1835.71582       128.047897    
  -4866.30566      -21449.8086      -4406.93555       101.416969    
  -4580.26025      -21477.7695      -4400.88672       70.7450027    
  -6584.07812      -19885.5352      -1647.79492       69.8512115    
  -4794.90137      -21628.4258      -4557.21240       142.711624    
  -6548.28174      -19964.0059      -1541.93066       66.7139435    
  -4534.37305      -21490.5938      -4558.71387       94.1662216    
  -4800.38428      -21620.7383      -4745.36426       45.7290878    
  -6625.41602      -20005.0938      -1434.57178       71.6204834    
  -4621.26514      -21637.5957      -4732.57910       104.187920    
  -6690.54443      -19893.0215      -1493.62744       70.8932495    
  -4526.53955      -21843.6230      -4800.98438       132.802322    
  -6741.11816      -19727.3008      -1560.29980       114.701752    
  -4663.58496      -22068.4609      -4757.36572       134.018875    
  -4605.40039      -21759.9102      -5059.09131       149.760529    
  -4654.35596      -22285.5020      -4817.37158       91.3984909    
  -6780.21875      -19960.7871      -1443.60156       52.1282005    
  -6590.37451      -19823.8691      -1348.55127       118.567314    
  -4828.95703      -22373.1055      -4980.39551       163.054337    
  -4672.86377      -22246.2148      -5075.81543       59.4664078    
  -6848.82617      -19546.6367      -1569.61377       95.7756729    
  -5225.71191      -23916.7051      -5169.31787       113.151680    
  -5143.15869      -23891.5410      -5398.43945       131.768402    
  -5333.01514      -24135.6289      -5168.06836       130.646484    
  -5226.07666      -23633.8301      -5303.65820       155.075638    
  -5289.54443      -23528.1211      -5076.77930       103.149918    
  -5387.09277      -23466.7246      -4983.34082       45.3063698    
  -5376.65430      -23351.8047      -4908.35254       92.2808228    
  -5353.13330      -23130.7012      -4767.29346       171.026779    
  -5318.61475      -22960.0078      -4977.79004       102.094315    
  -5500.78223      -23062.0410      -4581.64453       75.8926315    
  -5340.21973      -22804.7891      -5129.82178       116.341629    
  -5268.27002      -24382.9238      -5176.29736       125.164032    
  -5273.48193      -24410.1758      -5461.65723       161.587448    
  -5321.70166      -24633.6973      -5106.50830       140.454712    
  -5153.82715      -24726.2285      -5252.44727       100.450897    
  -5149.15137      -24862.5156      -5361.64551       74.2812500    
  -5237.46387      -24999.2480      -5398.27051       92.4672928    
  -5101.65918      -25123.8242      -5452.77295       99.6029205    
  -5311.21045      -25196.1719      -5482.72803       124.197701    
  -5292.22900      -25394.3809      -5504.94385       75.9865112    
  -5300.42480      -25543.0664      -5473.38477       76.3446426    
  -5445.18213      -25604.7891      -5484.88721       81.4657516    
  -5280.98389      -25702.3516      -5681.51855       186.603226    
  -5236.24463      -22667.8750      -4999.95557       99.1341324    
  -5080.40088      -25800.4395      -5516.25977       91.1787720    
  -5158.39844      -22507.9336      -4890.38428       109.636780    
  -5548.80518      -25822.7852      -5653.00586       108.389259    
  -5085.37744      -22462.2148      -4640.85938       154.479752    
  -5404.57471      -25890.1348      -5527.98779       85.6483307    
  -4976.29736      -25988.4844      -5500.37891       124.270264    
  -5271.22363      -22430.4746      -4555.87207       52.3361206    
  -5095.96582      -26178.6328      -5660.04102       151.358719    
  -4879.68164      -26264.8066      -5320.48633       219.280426    
  -5180.82324      -22397.2617      -4398.70703       113.726257    
  -4983.90186      -26225.3945      -5882.23193       101.701393    
  -4905.47510      -22261.4160      -4582.99023       121.295845    
  -5255.11133      -26391.7539      -5860.26855       181.517654    
  -5293.36279      -22243.8906      -4443.30371       81.7328186    
  -4985.90332      -26437.6543      -5975.84473       115.057014    
  -5426.02100      -26620.3867      -5945.33496       116.375816    
  -5035.75195      -22121.5059      -4623.96875       74.1796875    
  -5635.10156      -26694.5215      -5783.67480       158.124252    
  -4962.47119      -22069.4785      -4776.72656       103.024757    
  -5884.21191      -26751.0742      -5754.86133       98.9745255    
  -4833.47510      -21931.2793      -4903.60840       124.613487    
  -5733.13574      -26762.4688      -5605.65625       56.1201820    
  -5501.73633      -26847.3691      -5609.51709       109.152077    
  -4896.09033      -21737.8906      -4784.97168       110.658417    
  -5334.67920      -27010.7520      -5502.79297       147.821228    
  -5046.18311      -21804.5840      -4753.41504       56.5970001    
  -15.0937500      -30940.1270      -10737.8066       112.614082    
  -106.081055      -30858.8125      -10532.1836       126.434265    
  -208.585938      -30875.1660      -10793.3613       98.9842148    
  -106.739746      -30960.9824      -10317.0596       111.675987    
  -264.027344      -31015.3672      -10235.3965       73.8082733    
  -149.498047      -31058.7812      -10141.4492       80.3891296    
  -374.466309      -30897.5117      -10035.3047       183.291840    
   26.0366211      -30911.1230      -10937.5293       93.3612366    
  -469.325684      -31080.4297      -9862.34277       85.7079239    
  -381.171875      -31014.7246      -9745.85254       74.5957565    
  -567.599121      -31282.9941      -9764.13379       159.995346    
   103.039551      -31033.8926      -10885.1348       60.7587700    
   135.370117      -30815.5039      -10919.1250       53.1393166    
   88.7250977      -30946.4922      -11124.3809       106.847588    
   204.806152      -30853.3281      -11194.3467       57.6010628    
   249.729004      -30847.0566      -11310.6572       67.2148438    
  -530.270020      -31383.1250      -9490.45996       133.698120    
   292.892578      -30723.3984      -11399.4473       91.1266174    
  -436.500000      -31555.3398      -9411.01270       77.9170837    
  -692.370605      -31419.6758      -9378.04297       67.0295029    
   325.056152      -30564.2734      -11430.6387       74.1046753    
  -487.151855      -31527.8750      -9228.59375       113.532318    
   306.761719      -30921.1016      -11554.4980       160.455017    
  -646.506836      -31508.2637      -9161.03906       60.6042862    
   555.061523      -30703.9023      -11437.9600       174.720322    
   346.946289      -30709.1992      -11628.9023       67.9128113    
   280.804199      -30959.8242      -11820.3906       109.658218    
   750.745605      -30741.9902      -11615.3311       92.2385025    
  -704.803711      -31462.3008      -9062.06934       63.0662308    
   335.843262      -31070.7305      -11929.6738       55.5536919    
  -839.402100      -31407.9629      -9010.82812       90.8953934    
  -689.073242      -31579.2852      -8941.45312       105.863251    
  -759.192627      -31291.3867      -8856.48438       118.546043    
  -699.548828      -31723.2188      -8888.79102       47.8372498    
  -986.220703      -31563.5820      -8846.21777       179.047699    
   455.092285      -31124.9727      -11994.0928       90.6412888    
  -1166.33911      -31605.6699      -8712.66797       49.1080246    
   761.812012      -30781.3086      -11831.4189       127.599098    
   417.298828      -31240.2422      -12133.8105       94.2592773    
  -1017.42139      -31636.4355      -8620.35840       60.3443756    
  -1106.54492      -31453.5801      -8579.84375       133.243927    
  -828.016113      -31727.0488      -8465.87695       200.344177    
   307.225098      -31326.6523      -12307.3398       128.844131    
  -1324.27246      -31432.9375      -8529.48828       91.2233734    
  -790.271729      -31583.5078      -8263.53320       50.4964523    
   576.807129      -31339.0918      -12240.2246       121.692368    
   252.786621      -31179.5352      -12393.7646       50.1055183    
   529.617676      -31510.4980      -12380.5000       104.757950    
   427.939941      -31248.1680      -12483.8672       98.8585281    
  -1058.48535      -31777.4707      -8296.31348       90.2927933    
   141.330078      -32587.0977      -13157.9746       133.266861    
   172.439453      -32767.6602      -13010.9414       101.660332    
   368.954102      -32618.4023      -13278.7656       126.320900    
   283.913574      -32359.3711      -12928.8145       219.874100    
   244.545898      -32591.7832      -12693.7188       113.184502    
   563.254883      -32155.3359      -12959.8096       127.433014    
   256.874023      -32139.6328      -12684.4121       110.001335    
   170.764160      -31986.8203      -12498.3613       145.621368    
   301.096191      -31847.3418      -12494.2012       45.3756752    
   191.562500      -31752.9219      -12515.3887       89.8945312    
   80.7612305      -31684.7578      -12385.2617       94.1597900    
   102.176270      -32722.6348      -13464.0625       203.698853    
   63.6025391      -32542.2598      -13684.6699       83.8341293    
  -287.225098      -32724.7500      -13613.2754       213.295029    
  -504.675781      -32560.1328      -13741.8926       88.1576920    
  -268.730957      -32794.4062      -13933.8750       115.204300    
  -233.375000      -32710.4961      -14129.8047       100.772903    
  -87.3017578      -32701.0332      -14260.1113       95.1252365    
  -265.022949      -32701.6836      -14359.3379       108.427750    
  -55.0424805      -32718.6543      -14455.5176       103.905128    
  -381.146973      -32621.0449      -14508.7148       97.2287292    
  -290.965332      -32702.3516      -14590.8535       49.3254776    
  -479.476074      -32575.0469      -14699.1016       122.012672    
  -286.467773      -32690.2969      -14862.2793       155.904541    
  -412.899902      -32537.9004      -15017.0801       95.4334412    
  -122.259277      -32616.4922      -15116.7676       155.825684    
  -634.877930      -32578.3340      -15134.6074       158.912094    
  -206.146484      -32764.4316      -15287.8232       85.4832077    
  -801.121094      -32657.6289      -15283.7803       78.1189804    
  -851.776611      -32728.4609      -15434.6152       96.0004883    
   72.5463867      -31791.9844      -12181.7471       135.971970    
   261.606934      -31723.4062      -12169.6562       65.4572830    
   100.703125      -31566.3008      -12163.2285       92.1824875    
   6.23486328      -31687.0312      -12028.5889       61.2295761    
   92.0029297      -31418.6621      -12101.9512       67.9013214    
   80.0083008      -31391.3301      -11985.9453       52.1151733    
  -834.680176      -32853.6680      -15648.3496       152.114014    
   197.754395      -31419.3418      -11881.4189       107.850311    
  -713.104492      -33074.9141      -15718.9893       110.283134    
  -759.575195      -32870.7461      -15928.8496       138.820068    
   88.9160156      -31266.6484      -11871.4697       79.9511490    
  -644.147461      -33384.7109      -15780.2920       212.900070    
   228.843750      -31218.7773      -11843.1338       70.5805130    
  -914.019287      -32959.5859      -15984.8906       47.9727478    
   139.954102      -31150.1445      -11718.1279       97.4787979    
  -713.934082      -32698.0098      -16048.8633       76.4046173    
  -946.615723      -33244.4492      -15866.0645       131.467438    
  -640.789551      -32946.7227      -16126.0117       103.619911    
  -1192.41455      -33119.6523      -15945.6709       155.361633    
   161.008789      -31061.9121      -11604.0146       48.2001991    
  -1184.27222      -32619.7480      -16559.4512       152.824966    
  -1187.27075      -32377.2559      -16519.6523       92.9264221    
  -1003.55176      -32556.3711      -16406.4844       92.4063110    
  -1116.22900      -32693.0820      -16793.5508       101.791061    
  -1441.86353      -32630.8594      -16682.8516       133.078613    
  -1557.56030      -32723.3008      -16559.6797       59.5265884    
  -1514.46436      -32605.8828      -16908.1387       105.000748    
  -1631.53394      -32625.6875      -17105.6289       125.301811    
  -1643.82715      -32608.6211      -17294.4805       64.7988281    
  -1767.69995      -32620.4141      -17287.7578       59.7511902    
  -1816.09229      -32586.1250      -17409.9258       76.1249313    
  -1968.08008      -32582.2578      -17371.4395       80.6562271    
  -1913.01807      -32633.2383      -17527.3984       83.0879593    
  -2090.20068      -32633.7246      -17587.5625       104.139313    
  -2186.57544      -32465.7832      -17674.2461       108.271538    
  -2321.17896      -32554.8086      -17748.9844       69.7144241    
  -2466.20361      -32594.6016      -17772.3691       82.3522720    
  -2583.82593      -32501.8496      -17755.3711       68.4338379    
  -2554.02319      -32622.0547      -17888.1641       65.6093369    
  -2741.57666      -32434.9316      -17701.8125       111.181381    
  -2701.03857      -32717.2578      -17928.4531       114.010071    
  -2937.62207      -32456.9199      -17673.5195       88.0926132    
  -3089.50879      -32402.3730      -17702.1250       75.8350449    
  -906.423340      -32417.9473      -16274.2129       122.059799    
  -3144.69824      -32522.0098      -17755.3594       66.1511993    
  -774.147949      -32573.2754      -16169.4375       107.237473    
  -3225.27637      -32453.4219      -17648.6465       78.7012405    
  -3186.62500      -32513.1250      -17896.0781       80.9990845    
  -844.530273      -32290.6953      -16119.5850       87.8384857    
  -563.568359      -32695.2441      -16205.1934       138.725174    
  -629.007324      -32519.9805      -16010.2119       114.655769    
  -3377.94043      -32316.0996      -17896.1328       193.580627    
  -509.270020      -32628.6582      -16015.9863       47.1322136    
  -3318.29321      -32066.9551      -17838.5430       69.1607132    
  -424.887695      -32695.0762      -15924.8057       93.6809921    
  -3360.08691      -31889.5312      -17808.8633       115.616104    
  -3583.22534      -32315.1328      -17679.8027       104.557053    
  -282.167969      -32768.2656      -15965.4941       71.8768921    
  -3697.29663      -32212.2852      -17550.8906       96.1496658    
  -298.882812      -32619.1328      -15866.2354       64.8302155    
  -166.807129      -32778.9375      -16023.6758       57.8627701    
  -3772.82422      -32322.3066      -17801.7188       121.006859    
  -52.6406250      -32723.1973      -16093.7930       87.1508636    
  -3770.61963      -32188.7012      -17972.2637       95.6103592    
  -3867.62793      -32346.1113      -17940.4922       48.7290268    
  -92.9174805      -32980.4141      -16078.2383       163.561905    
  -116.427246      -32698.2305      -15860.9131       130.593185    
   137.350586      -32676.3926      -16141.9980       114.317253    
  -20.1201172      -32891.6367      -15801.9453       93.5262146    
   411.808105      -32673.6836      -16108.6738       162.177597    
  -4825.23096      -31085.2246      -18863.1289       171.098831    
  -4923.76318      -31280.8809      -18846.0879       48.4925308    
  -4549.47266      -31195.2148      -18722.8809       157.315216    
  -4830.90820      -30820.3867      -18878.9258       94.3476410    
  -4941.38867      -30970.8633      -19125.9297       138.088959    
  -4921.47363      -30690.6348      -18980.2227       93.5120392    
  -4963.61816      -30612.4980      -19105.7539       60.3479080    
  -4270.93994      -31222.3809      -18472.3027       218.248291    
  -4290.91992      -31044.9082      -18210.8555       98.1685715    
  -4172.45752      -31499.8066      -18457.6348       76.5380478    
  -5072.06201      -30383.2734      -19209.5586       213.669540    
  -4043.76904      -31456.6797      -18523.6328       74.3188629    
  -5337.37598      -30340.2891      -19391.7285       110.974930    
  -3997.80225      -31346.2324      -18386.7812       93.6294403    
  -3847.57178      -31510.8984      -18519.6250       129.172546    
  -5373.71826      -30250.5898      -19553.9727       78.1142807    
  -3873.02783      -31490.4941      -18347.5352       46.0733299    
  -5545.50830      -30264.9531      -19630.2500       110.289833    
  -3930.57056      -31703.8184      -18268.5273       188.749771    
  -5730.81982      -30277.7832      -19590.9785       79.5394440    
  -3740.55127      -31507.5117      -18255.0781       84.8611069    
  -5783.58398      -30235.5156      -19774.5312       116.102051    
  -3622.82593      -31608.6719      -18581.9473       123.750389    
  -3888.69165      -31713.6875      -17999.9297       83.2321014    
  -5915.13574      -30225.8730      -19647.3008       67.1027145    
  -3873.83716      -31852.5039      -17832.2734       135.051575    
  -5690.18848      -30189.6934      -20007.8281       139.239105    
  -3942.30615      -31828.8125      -17628.8984       80.8799438    
  -5953.67383      -30158.0352      -19757.6230       67.9596634    
  -3875.33569      -32023.0977      -17996.2324       101.578438    
  -3656.00830      -31745.1523      -17682.8555       150.119324    
  -6122.95117      -30033.4609      -19911.8398       192.706055    
  -3565.37012      -31913.9902      -17743.6328       50.8559303    
  -3716.97607      -31796.1953      -17435.8867       109.352913    
  -6108.56592      -30199.2891      -20105.5117       62.6657677    
  -6358.33105      -30052.3320      -19882.5996       45.2277412    
  -3752.40039      -31799.1250      -17258.3594       71.7833023    
  -6179.97607      -30223.7461      -20270.5586       118.745682    
  -6296.67969      -29768.3750      -19983.4883       132.274734    
  -3516.06787      -31772.0430      -17420.5293       93.4505615    
  -3700.58936      -31940.4980      -17308.7695       83.5302505    
  -6473.50146      -29695.3633      -19958.5762       60.6040611    
  -6469.28955      -29760.4219      -20263.2871       196.455460    
  -3647.75195      -31770.9512      -17180.1875       61.8314133    
  -3482.92114      -31779.6191      -17233.2871       96.8754425    
  -6631.48438      -29639.3984      -19980.0176       108.439804    
  -3428.97925      -31965.7656      -17161.8984       109.550247    
  -6794.87549      -29837.6191      -20100.3848       175.249329    
  -3563.17920      -32237.3184      -17068.4258       207.561447    
  -6186.45850      -29660.1504      -20518.3828       197.343903    
