  -84.0787354       515.949829      -690.603149       75.0041580    
  -57.0200195       621.807983      -482.102905       160.390259    
  -41.4697266       637.930420      -732.872375       60.9424477    
  -83.6604004       377.832947      -739.135681       71.3919067    
   46.5097656       636.312439      -874.009949       105.379082    
  -83.2576904       790.197205      -294.032959       93.4080429    
  -126.413452       409.940491      -876.301575       75.8261566    
  -100.030396       646.321106      -230.122681       64.9151535    
  -66.9034424       922.884155      -344.800415       49.5974960    
  -183.814209       741.870972      -179.983521       66.1359787    
   76.2706299       975.102722      -325.978638       103.960014    
  -165.053589       928.744629      -199.753662       93.0711365    
   272.979248       987.330994      -361.858521       96.3672638    
  -108.615479       1083.87939      -123.562622       88.7451630    
   290.415771       1058.39844      -159.444946       118.866936    
  -289.407349       1060.16187      -108.982300       94.1777954    
   200.220947       1267.68225      -287.650879       142.612213    
  -194.549316       1211.98718      -21.0393066       96.4771423    
  -213.241943       223.665833      -813.448975       139.087402    
   353.235474       1419.65271      -386.198730       94.4958954    
  -381.482056       1315.63208      -139.466309       147.881470    
   507.652893       1432.42700      -461.101318       77.6035461    
  -358.825928       1211.27417       74.9486084       91.6548920    
   275.763428       1602.05652      -535.862793       153.843445    
  -226.086060       371.386963      -1058.38525       135.302658    
  -309.480835       1366.07837       109.130371       74.3803177    
  -585.030396       1326.19653      -44.2576904       77.0809021    
  -36.2145996       138.572083      -879.249329       68.0579987    
  -369.071533       89.0956421      -587.319397       166.733841    
   322.009766       1656.39600      -310.745483       82.3118896    
  -25.6701660       130.764160      -1044.74695       97.9591141    
  -64.5068359      -18.1208496      -853.922668       93.1705322    
   738.231506       1392.79468      -484.075562       157.481903    
  -396.135742       301.231445      -1104.54797       54.3544998    
  -599.581909       1478.94250      -43.6163330       76.3584213    
  -198.727295       341.828003      -1267.59998       77.7539825    
  -601.785278       1387.50806       128.544189       107.039680    
  -164.711548       16.0809326      -982.952759       73.7409744    
  -163.795776       190.315247      -1227.29932       82.8713379    
  -386.208984       50.4372559      -987.910767       150.459961    
  -783.714233       1359.19043       48.5678711       93.6997070    
  -456.165771      -43.5054932      -821.018494       53.4326553    
   61.6293945      -10.8068848      -1124.90515       86.6726990    
  -114.746216       34.3636475      -1199.59619       82.9425659    
  -647.182251       75.2755737      -979.699341       111.821236    
  -128.887573      -255.462280      -732.321838       181.169434    
  -510.943726      -139.827515      -864.822205       65.7198181    
  -942.843872       1280.24939       31.4826660       84.7541122    
  -798.328003       1533.13147       18.5119629       83.4233475    
   930.960693       1528.03479      -312.891602       133.616409    
  -1211.95081       2054.45703       13.1553955       106.407234    
  -1157.15564       2134.22803       213.573120       116.152367    
  -1218.25134       2212.88184      -56.8479004       66.9085464    
  -1116.86926       1990.04102      -139.760864       84.8362045    
  -1419.43713       2138.77002      -117.670776       152.965347    
  -1061.42957       2132.76123      -284.967896       126.179672    
  -1446.66174       2126.64233      -351.222412       82.4814835    
  -1253.18958       2287.11328       327.337280       97.2432556    
  -896.370483       1919.78357      -344.201538       149.705338    
  -1415.77283       2265.62012       375.773926       73.7582092    
  -1112.47522       2461.22998       312.236694       127.135170    
  -1149.49109       2156.06470       478.510498       128.102081    
  -1368.85608       2469.25830       424.815308       139.523819    
  -981.104370       2241.70166       598.971924       95.9479446    
  -931.529663       2046.85852      -517.170044       67.7857590    
  -991.553589       1897.14380      -531.112549       61.2649612    
  -1447.71765       2446.18652       662.404297       111.873306    
  -850.761353       2266.42847      -457.533936       173.649353    
  -1103.66199       1997.82458      -589.215271       100.230324    
  -780.678833       1718.93555      -189.936279       128.722336    
  -711.050659       2085.38501      -501.280518       59.1806831    
  -879.992310       1950.45190      -623.809631       84.9333191    
  -1207.91541       1971.06128      -746.500488       90.3575058    
  -1603.54407       2590.20850       704.255127       104.404533    
  -770.184448       2612.11523      -560.917480       196.051361    
  -1756.91687       2679.96973       598.203857       102.542328    
  -559.259644       1645.08545      -130.206909       112.209000    
  -774.137573       2177.81055      -756.409424       147.366592    
  -1542.94177       2747.98315       757.108154       72.6799622    
  -1176.13171       2059.92725      -883.930725       76.3578644    
  -611.725464       2286.70801      -688.544250       59.6174316    
  -892.458862       2367.35742      -869.904907       103.249916    
  -1029.13928       2102.96143      -935.507507       85.2569122    
  -795.606567       2771.16577      -800.241333       92.4269714    
  -668.442993       2163.57764      -936.692017       62.0991592    
  -345.806763       1590.96985       37.3164062       164.477264    
  -1825.25793       2516.80078       794.743652       146.062683    
  -765.098999       2407.08105      -1028.43433       103.947342    
  -307.699829       1604.48877       256.294556       58.2013016    
  -604.238403       1976.69287      -975.005554       139.186066    
  -2043.62732       2544.03540       681.481934       101.435173    
  -740.324585       2183.14160      -1106.49158       123.323570    
  -480.059570       2257.90918      -972.578491       151.615524    
  -893.515747       2439.08887      -1180.59668       97.7181854    
  -407.125732       1974.95239      -960.239197       58.4861946    
  -246.450439       1566.66919       381.505371       86.2274933    
  -1501.69958       2719.42432       1023.86646       198.755295    
  -148.866943       1510.84607       132.435669       68.4448090    
  -935.819214       2327.68188      -1295.26416       67.6585464    
  -696.057739       1964.93909      -1223.48792       125.980225    
  -9.38574219      -2147.36963      -327.125000       184.306030    
  -189.206055      -1970.69080      -322.602417       67.8299332    
  -132.416748      -1888.70862      -136.179077       143.590179    
   128.003296      -1900.47815      -251.645996       108.144638    
  -99.9552002      -2018.14539       41.8085938       78.8654709    
  -57.1914062      -1668.73792      -30.1878662       111.909233    
   246.586304      -2098.98291      -331.062744       76.2292786    
   53.1906738      -2326.85645      -543.126953       103.425323    
   279.162720      -1616.48840      -194.176025       218.664261    
  -10.0767822      -1891.46326       247.544922       178.920929    
   525.137390      -1772.12830      -125.268677       80.4600983    
   117.857300      -1474.61536       43.5334473       101.731339    
  -281.113403      -2058.16309       256.605957       139.403351    
   318.732178      -1550.63513       171.887695       148.477005    
  -139.851440      -2467.64551      -468.418945       146.909271    
   581.804504      -1662.50330      -203.573975       65.6911850    
   101.260620      -2554.40576      -450.889404       109.942505    
  -474.306030      -2081.34180       360.762573       81.2997131    
   604.552734      -1798.35925      -450.523315       217.076462    
   587.744263      -1575.43665      -58.3726807       103.719536    
  -349.356201      -1972.93079       512.928955       139.208038    
   237.564453      -1403.53552       326.676514       79.9651642    
   615.836243      -1432.68225      -125.222412       56.3933487    
  -436.942139      -2572.53711      -461.170654       168.237488    
  -355.206543      -1793.17249       586.383301       55.0683670    
  -559.415894      -2194.54150       456.122925       89.4387283    
  -568.791260      -2450.40625      -608.377502       64.0783157    
   729.248291      -1441.64099      -166.924805       64.7754440    
   193.805054      -1286.89636       437.581665       86.8252563    
   684.155334      -1297.84460      -281.889038       124.769997    
  -366.196167      -2134.42285       748.742920       147.100693    
   540.456848      -1163.76843      -356.347900       85.3967667    
  -629.852661      -2647.86230      -375.931030       55.7128448    
   392.501831      -1189.72034      -522.094116       138.291367    
   185.349731      -1318.03406       607.606689       86.2369156    
   867.148010      -1446.88391      -230.233398       87.0503769    
  -498.553711      -1983.40417       826.446289       68.2222748    
  -498.520508      -2879.84521      -464.072754       145.190201    
   354.006836      -1018.29822      -407.643066       71.3898087    
   610.502319      -1182.31873      -529.455688       79.9598465    
   873.415894      -1294.43884      -140.635010       89.8853378    
  -484.342407      -2848.15527      -672.267273       65.8822021    
   548.116943      -1034.84241      -451.218262       74.8541412    
   1038.43567      -1476.83167      -277.083496       93.0383453    
   569.509338      -1048.29163      -600.727722       76.7749252    
   991.803650      -1327.43005      -403.227539       107.980049    
   1114.11340      -1398.62732      -179.760742       52.9593887    
  -491.309692      -2024.99548       978.879395       89.9473267    
   1054.34875      -1397.70959      -594.160217       104.874847    
  -723.979858      -2801.88232      -596.356262       127.591095    
   386.241455      -278.850586       355.793091       170.511948    
   525.728882      -489.725342       347.843750       82.4474182    
   389.592041      -642.963135       294.435181       129.373154    
   394.442505      -329.222656       618.876709       97.4758453    
   277.829102      -724.373657       502.536865       120.474457    
   460.755005      -430.276123       786.900146       109.508095    
   469.096069      -91.9042969       615.354248       151.333313    
   109.592285      -438.387329       241.580688       168.650818    
   305.123169      -803.316162       326.971069       54.7633781    
   482.905212      -11.8417969       145.423462       182.888474    
   155.263794      -846.479004       603.101807       79.6391754    
   238.294312      -56.0440674       57.9339600       80.6330719    
  -84.8258057      -121.753906       302.319702       207.838791    
   766.025452       18.7622070       142.031372       101.901649    
  -255.403564      -233.319458       114.818970       69.1095428    
   268.672729      -919.751099       764.510498       130.797333    
  -368.545410      -258.207153       224.856201       90.6674881    
   602.571655       285.990051       299.346069       173.081406    
   395.981079      -844.979492       903.041992       71.6595383    
   568.152710       370.569458       570.116699       112.673523    
   958.914612      -61.3878174       149.757324       107.118561    
   626.928223       59.0233154      -218.315430       214.691879    
   917.471252       176.450195       139.019531       116.752983    
  -561.069824      -250.226685       200.840454       103.511497    
   466.729004       285.481873      -276.417603       68.7211380    
   897.312683       115.300232      -99.2775879       86.0491638    
   333.094482       308.938293      -365.928955       93.8228455    
   503.611572      -882.543335       972.191406       61.6703033    
   832.185852      -91.3609619      -380.291260       86.9414368    
   996.636414       310.199585      -3.44128418       94.0835571    
   714.326538       408.706055      -258.088257       147.938354    
   538.630615       309.634338      -464.318237       133.911743    
   1012.81604       269.721191      -174.545044       82.4854660    
   619.444824      -928.482788       968.696777       62.9912567    
   1012.64679       383.411865      -292.168091       81.1025467    
   541.977966       567.190552      -470.505127       123.741508    
   1188.17773       359.328796      -201.753662       116.313744    
   349.925415      -1147.80359       756.937744       111.413383    
   1200.24744       282.529419      -349.843628       50.9434166    
   373.957520       676.719055      -512.969849       81.2696762    
   304.774048      -1248.58655       633.383789       54.2999153    
   1348.08496       393.515747      -82.4927979       86.0789032    
   1389.85486       227.562256      -217.339966       125.099648    
   345.900146       825.232605      -426.610107       92.8047256    
   469.424316      -952.963013       1153.07324       135.426743    
   1351.08508       447.647400      -229.587524       70.6890488    
   1370.92737       568.039062      -97.0147705       90.5308990    
   1544.26221       20.0856934      -284.203735       142.030289    
   252.902954       881.094849      -532.515381       58.8034515    
   288.517944      -1087.52551       1082.59497       100.794395    
   3206.77881       2096.17261      -1199.88916       97.8342438    
   3444.35059       2173.61694      -1301.23999       171.815781    
   3288.12354       2152.79126      -1085.55994       53.4684601    
   3173.38037       1936.80518      -1117.61951       84.5972214    
   3095.85107       2116.19678      -1002.12878       129.795563    
   3149.80322       1761.60400      -1226.33679       122.943558    
   3526.23096       2219.14014      -1564.70496       107.810387    
   3129.13550       1883.10754      -965.162292       82.9928207    
   3562.03906       2275.84424      -1777.18164       114.993919    
   3153.87646       2434.87354      -963.586914       196.409729    
   3105.96558       1595.48047      -1322.80933       74.0936127    
   2863.92554       2187.72192      -985.514648       113.476669    
   3266.67139       1487.00073      -1427.66235       146.328659    
   2946.92920       2059.26904      -801.081604       126.114944    
   3643.12549       2175.83618      -1928.24097       83.5065460    
   3632.84814       2459.48975      -1799.67920       83.1071243    
   3779.19482       2075.77808      -1944.82556       86.1974945    
   2699.41797       2044.67358      -1152.80408       161.327454    
   2753.03076       2370.71240      -1160.37231       162.854584    
   2845.24707       2360.17114      -931.028992       68.3375015    
   3529.90625       2305.95410      -2157.86035       203.689240    
   3713.52588       2620.09277      -1920.24011       133.307312    
   3285.22412       2555.14014      -2123.90869       147.192139    
   2882.12988       2328.58984      -733.551880       135.028168    
   3879.44629       2562.08496      -1998.95044       59.2832375    
   3779.99219       2484.53149      -2159.50464       103.622040    
   3093.66455       1977.25073      -553.289368       173.300369    
   3496.63281       2500.93188      -2313.11792       47.7628250    
   3222.09424       2519.49609      -2345.80225       86.2400360    
   2634.28491       2514.89844      -916.330383       144.451721    
   3560.05566       2423.21826      -2464.06787       125.594124    
   3829.97314       2494.53345      -2365.30322       108.394264    
   2918.87549       2449.99805      -594.381348       53.2501526    
   3500.02344       2173.13452      -2505.88940       134.969818    
   3122.90259       2594.84106      -2434.71338       66.8017273    
   3406.34229       2636.68237      -2464.48145       137.459854    
   3050.20068       2776.27979      -2389.59448       133.798737    
   3597.29004       2025.23706      -2603.95801       67.4061890    
   3085.53223       3009.55493      -2277.65967       127.348557    
   3694.95752       2823.60107      -2407.07837       211.156631    
   3677.29492       2466.33618      -2618.93213       73.3712006    
   3246.78882       2988.69092      -2426.42505       93.0349503    
   2882.17065       3173.34521      -2104.40674       186.028473    
   2888.08984       3011.75195      -2360.59790       86.8201065    
   3025.19238       3179.07617      -2299.22681       53.8765793    
   3529.67432       2407.38062      -2788.36963       158.953766    
   3982.11279       2947.70776      -2390.36133       102.128372    
   3078.56787       3316.01611      -2258.81738       98.5480347    
   2937.13013       3220.21240      -2369.38379       65.9927979    
   3184.46387       3297.59131      -2386.95752       68.7046356    
   2147.69946       861.277954      -1021.69513       92.5312576    
   2260.27393       798.331360      -819.593323       147.242599    
   2294.07153       867.680847      -1091.14758       69.5978775    
   1960.81079       928.095886      -984.690491       109.357979    
   2264.73535       784.832031      -1255.51917       116.797112    
   1950.84814       1099.47058      -883.918518       89.6997910    
   2197.71753       847.141602      -1395.37390       50.3297806    
   2431.99414       751.966125      -700.791504       66.6574631    
   1902.63000       1250.81384      -917.924133       72.7466202    
   2215.42090       769.148071      -557.184143       120.559052    
   2074.13843       1370.13159      -825.287842       155.810699    
   2304.36572       1028.10144      -508.028687       157.631332    
   2052.94653       675.775513      -474.158203       84.4092102    
   1786.76538       1376.70654      -833.975342       117.833015    
   2451.69092       1065.67688      -353.914307       58.8606834    
   2203.40112       1542.48328      -1022.23352       136.084412    
   2436.38037       966.661682      -255.138672       81.8248978    
   1576.93530       1277.88855      -755.956909       126.878700    
   2348.15747       1636.62012      -880.599304       87.2344360    
   1696.81165       1515.71814      -852.377258       48.7496185    
   1373.51990       1119.06604      -824.745544       140.194687    
   2553.96460       1649.31567      -943.593445       128.376083    
   1315.59900       1004.48364      -643.815857       81.6633835    
   2539.33765       1713.43799      -771.596802       55.7709351    
   1295.39795       1048.20569      -487.180908       82.2189560    
   1385.53027       1475.32910      -891.094849       179.526215    
   1169.78052       954.373474      -767.625244       116.073059    
   1350.99341       1553.99646      -624.399414       100.693932    
   2712.44482       1563.71326      -1211.89685       194.779739    
   1247.07263       1409.19031      -523.693726       104.025497    
   2867.44019       1640.01758      -801.946960       215.736847    
   1087.45459       1068.53064      -943.443359       109.143028    
   1118.51624       747.923096      -618.857483       143.514740    
   2954.46094       1447.73315      -631.233765       55.7237549    
   2865.22070       1601.20471      -525.757812       63.1865425    
   3081.25757       1237.45532      -640.110596       189.987976    
   945.925171       958.981567      -932.015259       70.2012558    
   1024.22156       520.709106      -667.868835       107.320274    
   2994.90503       1421.54541      -1228.23792       121.866592    
   963.135620       711.752686      -457.812256       83.1658630    
   2708.10596       1827.11487      -1293.83911       81.0998840    
   929.721741       558.735718      -825.559326       80.4080734    
   1020.93799       440.781250      -470.087891       106.020424    
   830.562805       837.319031      -634.792175       158.417557    
   796.474731       1155.67212      -1023.02386       193.049500    
   2965.43042       1563.57812      -1361.51990       75.1261749    
   984.559753       299.098816      -605.483521       93.3084946    
   891.122986       519.943237      -370.994263       75.4630890    
   2804.88379       1735.57715      -1498.65002       152.075562    
   773.330994       913.096130      -358.767456       133.487061    
   2645.58105       2072.57007      -3412.08252       111.636147    
   2626.98657       1869.10767      -3248.84619       149.874420    
   2847.62280       2059.26782      -3347.63135       100.859558    
   2722.10791       2004.24268      -3618.24170       118.640968    
   2786.95410       2172.99707      -3599.52002       63.1091995    
   2845.38770       2199.68115      -3725.14697       77.9939423    
   2563.98291       1789.35742      -3025.43604       95.5605164    
   2694.42969       2325.00635      -3655.04395       123.304749    
   2940.63599       2329.34570      -3618.06348       115.271362    
   2705.08398       2088.95850      -3897.52075       170.306747    
   2479.42676       2371.48438      -3796.99487       138.493805    
   3007.13232       2249.92383      -3865.81226       142.173096    
   2389.52930       2148.90967      -3986.41675       162.970871    
   2656.91187       1627.91162      -2905.34863       126.076469    
   2265.51782       2220.95312      -4144.87891       50.7473412    
   2751.06934       1910.28418      -2769.40479       201.153854    
   2476.72998       1648.68188      -2808.83496       79.3840408    
   2971.02930       1552.12158      -2805.15698       212.227203    
   2296.65308       1656.44873      -2655.41528       157.305740    
   2822.60815       2193.65820      -2567.03613       154.330444    
   2704.00586       2073.66406      -4223.20898       155.740952    
   2949.40918       1975.79639      -2480.57935       112.165405    
   2765.09790       2427.57129      -2514.45850       92.2223053    
   3019.27100       2261.05322      -2458.43262       80.2343063    
   2351.70752       2456.86841      -4130.17041       178.987762    
   3124.19971       2352.33691      -2484.29688       61.2200394    
   2894.89551       1911.48865      -2272.19458       112.629784    
   3314.49414       2357.78418      -3986.70093       205.272430    
   3046.91748       2275.97266      -2291.11792       89.9909973    
   2224.99609       2008.66284      -4216.20312       152.513046    
   3204.33691       1963.75610      -2236.60254       203.216248    
   3544.05127       2495.02197      -3794.52759       124.062492    
   2904.73315       1961.31238      -4352.41406       108.095490    
   3689.69824       2340.67041      -3884.28296       106.361786    
   2153.29419       2547.63916      -4240.25684       65.3870316    
   3802.79688       2175.27368      -3842.15625       98.3930359    
   3850.55811       2397.71973      -3665.65430       170.998901    
   2060.74219       1933.97644      -4396.52051       102.581093    
   2983.65674       2021.25403      -4597.64746       156.393127    
   3210.18896       2321.70874      -2190.86304       106.984840    
   3143.53564       1882.54712      -4591.79492       55.3475571    
   3007.35645       2322.69336      -2096.43530       114.084137    
   3211.23877       1992.95996      -4621.49805       74.1658936    
   2947.02612       2285.61743      -4686.99707       125.058449    
   2012.94019       1795.37671      -4532.13965       97.1391525    
   4042.38965       2347.07080      -3815.35938       77.5467453    
   2157.98828       1713.77295      -4636.00781       99.0457458    
   2955.07861       2499.24756      -4761.46826       101.318810    
   3363.13745       1914.99072      -4728.29590       127.232338    
   1863.38147       1613.96387      -4501.80176       139.918655    
   1917.07056       1326.94421      -6002.10498       84.5900192    
   1837.46362       1212.34448      -5883.46729       98.5587921    
   2085.84839       1261.61426      -6058.99023       105.120865    
   2010.18982       1513.68335      -5936.85449       134.042465    
   2250.20752       1281.78430      -5958.01904       88.8330307    
   2168.66187       1557.98364      -6086.23633       88.1976166    
   2150.56787       1711.49023      -6081.97119       66.4302139    
   2237.15820       1185.99756      -5703.14355       183.752579    
   1883.25708       1218.56470      -5616.98730       171.907181    
   2491.03101       1206.22058      -5819.23535       96.1286850    
   2145.26318       1343.29663      -5447.41895       130.231735    
   1796.19116       1571.80640      -5495.24512       211.727051    
   1977.04590       994.574158      -5541.70996       82.3272934    
   2533.84448       1130.30420      -5559.83887       150.398880    
   2677.75781       1230.40442      -5826.69385       92.3026962    
   2610.53271       1383.01440      -5492.77979       122.074875    
   1820.98865       1492.58191      -5213.78662       81.7196579    
   2698.92090       1302.51147      -5980.73389       79.0825348    
   2575.81714       888.154907      -5602.33398       99.0044785    
   2745.00269       1199.86267      -5519.76221       75.5043335    
   2702.37305       1360.16077      -5271.57422       118.525543    
   2870.36572       1298.45081      -5542.87207       85.6474075    
   2694.61768       803.058472      -5566.16406       51.5447426    
   2900.13452       1300.57129      -6038.16260       130.178757    
   2807.27222       1235.16541      -5204.48926       57.9065094    
   2750.11279       1558.93408      -5151.29199       118.671059    
   2652.51709       1286.58325      -4980.13281       186.180145    
   2945.63379       1373.72583      -5226.82520       129.197830    
   2893.70776       1693.37598      -5205.20020       85.2883224    
   3087.38379       1498.90308      -5307.23438       76.2965317    
   2909.90503       1650.64697      -5050.56543       75.9528961    
   3065.87207       1240.52332      -5154.72510       64.1980057    
   3076.43872       1517.62366      -5145.23047       81.6902847    
   2917.13110       1686.07666      -4863.02637       115.042862    
   3232.17847       1477.35510      -5152.47949       79.3446503    
   3033.33643       1782.87915      -4936.11523       52.9302177    
   3307.78760       1635.87671      -5247.55957       120.365013    
   3321.04102       1341.79895      -5105.97754       89.2792130    
   3337.41138       1814.00708      -5337.59082       81.4194183    
   3011.29590       1884.19580      -4821.64600       101.516685    
   3288.92773       1440.21863      -4929.76953       115.085030    
   3201.75537       1786.60779      -4889.78906       121.786331    
   3479.69629       1376.16504      -5215.45166       106.520370    
   3193.70703       1563.26978      -4740.00195       130.316818    
   3396.34814       1620.33569      -4946.49707       95.2928238    
   3127.59937       1868.75659      -4707.44336       62.2084427    
   3157.48486       2046.61865      -4816.59131       117.068802    
   3565.35791       1500.66345      -5070.16064       103.117691    
   3113.06299       1556.52515      -4493.28027       129.325195    
   3548.70557       1637.00513      -4976.74121       60.9271584    
   466.879883       10211.3965       3816.70898       80.0482254    
   525.094238       10361.8096       3868.96948       89.4836502    
   510.405640       10053.2871       3911.32178       109.289619    
   360.846313       10124.1621       3669.54736       121.220825    
   623.771790       9963.84570       3770.31055       92.5527725    
   502.560547       9858.07715       3972.13257       95.3111420    
   283.640869       10336.5225       3581.84985       121.168663    
   507.063721       9770.40430       3741.89893       135.134369    
   605.953064       9865.06836       4083.26611       56.6349030    
   414.504272       9750.80078       4057.66626       67.7089157    
   776.405090       9796.03125       3941.47778       175.572128    
   317.512573       10524.7441       3384.87402       153.378052    
   599.875916       9606.46680       3803.81738       63.1851425    
   1031.26221       9788.30273       3767.31104       133.191925    
   457.556152       9437.60742       3875.37451       168.949661    
   872.064392       9647.20020       4141.22705       91.2556839    
   299.270386       9454.83984       4077.56445       88.4143219    
   1153.70532       10047.6387       3789.27808       154.433762    
   820.069580       9444.31250       4207.77734       128.521423    
   1181.42419       9686.62500       3797.02954       50.5922394    
   114.638794       10451.7148       3426.10815       66.1437225    
   909.072998       9622.56641       4419.39795       162.116989    
   1262.60791       10047.4316       3535.86084       121.392891    
   416.261230       10683.8008       3458.93799       47.9340401    
   772.048828       9448.03906       4458.10938       63.1064186    
   107.899658       10536.0576       3343.79590       51.9044762    
   1331.89380       10326.4883       3819.76416       177.903824    
   468.854248       10762.9434       3362.61816       87.3742218    
   315.371704       10842.1855       3544.90210       158.590775    
   1456.97058       9936.00391       3660.83350       135.142609    
   503.705811       10963.1260       3542.57593       65.2304382    
   622.306458       10871.9189       3278.35498       118.832802    
   977.347534       9310.18262       4264.18457       85.7249527    
   536.588074       10725.9287       3142.83521       98.0349045    
   1511.13232       10363.8965       3986.77393       69.9153595    
   330.322632       10828.4111       3257.89673       98.2169113    
   547.834839       10657.3682       2982.51807       76.6896667    
   394.991455       11004.3730       3427.57788       56.8340111    
   1039.73364       9180.67578       4301.00586       62.6640663    
   92.5322266       10914.0967       3398.62451       117.484734    
   292.933350       11052.1299       3479.17505       62.5466843    
   1027.53430       9324.67383       4540.90918       180.709900    
   392.072998       11144.7656       3676.87402       177.242676    
   428.551636       11106.1182       3382.78760       59.2778931    
   755.209595       11098.4307       3284.04297       143.852478    
   1024.31323       9026.04492       4146.35449       156.576691    
   1097.37988       9142.46875       4399.10010       57.3656425    
   966.109070       9032.01953       4379.79395       84.0845032    
   300.951904       10953.1328       3046.62646       148.869339    
   1227.99463       9067.02734       4246.09961       73.8850250    
  -410.195190       10394.7051       2722.66162       78.0552750    
  -410.417847       10571.6436       2651.51758       112.657616    
  -221.792847       10391.1846       2746.83203       111.928604    
  -415.104004       10308.6689       2884.31396       105.114952    
  -261.347534       10191.8535       2735.99463       91.5783005    
  -273.354004       10198.9209       2969.81006       93.5048904    
  -167.776855       10085.4629       2971.49438       61.5059929    
  -406.062866       10520.0361       2470.26904       75.8451767    
  -284.681030       10707.9023       2588.88672       83.0537796    
  -643.044678       10642.5674       2744.02173       147.536057    
  -372.002197       10823.8896       2684.70947       90.8900528    
  -216.210083       10837.4512       2586.71387       63.4951401    
  -386.722046       10850.2178       2517.03735       79.4599915    
  -131.457520       10973.4902       2494.77979       121.268806    
  -910.201172       10612.3750       2766.40039       122.242233    
  -337.343994       11070.6562       2524.26440       108.295372    
  -939.649170       10656.2646       2569.20239       81.9162140    
  -234.680176       11158.4453       2719.05029       128.733795    
  -1057.60107       10678.3408       2943.55615       117.456017    
  -634.634277       11119.3545       2406.01025       215.363342    
  -100.846069       11212.5537       2828.13330       52.2164001    
  -699.796631       11014.1699       2136.33960       81.3452530    
  -1129.76465       10870.1875       2883.20947       96.2288895    
  -25.1605225       11208.1738       2959.90527       99.8058929    
  -1188.18311       10736.1729       3042.76953       56.4517746    
   104.299438       11102.8682       3068.39990       99.2508316    
  -618.155762       11060.3623       2007.44531       78.0869064    
  -73.9149170       11369.1377       2955.83447       68.4252548    
  -676.605713       10956.2939       1904.89941       79.2920685    
  -49.3831787       11301.9121       3150.63477       114.058220    
   108.990112       11354.8418       2888.05029       111.530563    
  -1195.73828       10946.2998       3134.12793       172.806534    
  -1340.66968       10927.0996       2863.15259       123.130630    
  -197.581909       11526.3330       3030.04028       144.924240    
  -657.566650       10986.2617       1747.97253       81.6045837    
  -292.892700       11462.0312       3270.70850       121.810028    
  -1473.42456       11045.9473       2814.72217       61.5266571    
  -1403.91821       10834.3262       3237.04028       85.0045166    
  -6.64526367       11263.9775       3396.01489       137.895096    
  -1315.97021       11016.9785       3353.79004       87.3761978    
  -31.7841797       11503.7959       3223.49170       101.324059    
   355.919434       11338.6152       2828.73779       142.898758    
  -177.462280       11650.5879       3192.55322       60.5928612    
  -666.892578       11036.2461       1620.10339       55.9858398    
  -1465.34326       10636.0977       3325.36475       140.540207    
  -581.113770       11136.2422       1595.89990       77.9762115    
   311.234863       11527.4961       2788.34521       55.3421135    
   366.491455       11431.8936       3022.84180       72.7253265    
  -775.787354       11000.7480       1519.83997       96.2319870    
   194.999023       11518.0273       3241.55151       126.615265    
  -181.353027       10932.7080       1281.24890       106.043900    
  -144.108765       10884.2070       1585.37952       204.154160    
  -10.4206543       10933.8838       1337.73853       73.9701157    
  -345.907227       10894.6895       1803.12573       92.9411621    
  -381.892090       10784.3984       1297.38086       143.868103    
   25.8476562       10742.3125       1208.77051       159.793335    
  -373.074097       11182.1260       1356.82214       217.472809    
  -96.8438721       10971.6299       1865.70422       93.2610397    
  -318.451050       10694.4736       1839.63782       112.408447    
   140.372925       10886.0586       1054.47144       80.1626129    
  -471.697144       10823.1875       1929.10498       98.9163742    
   265.483154       10660.8447       1307.36731       111.827484    
  -506.929932       10471.0205       1191.96899       209.652924    
  -389.420532       10726.7422       2019.57886       56.8470840    
  -343.863647       10876.0410       2059.06787       90.8746872    
  -345.866333       10567.6289       2040.53687       109.442482    
  -279.724121       11160.7812       2043.21411       201.409988    
  -260.604492       10373.2988       2060.15039       103.662827    
   293.996094       10943.8809       1026.95459       86.2920609    
  -329.982178       10914.1230       2300.20190       153.628845    
   241.137817       11122.3682       1003.39819       101.322792    
  -774.641357       10414.6582       1091.98169       81.6354904    
  -199.216431       10153.8291       1998.64893       132.376343    
  -204.786987       11272.3779       2326.63867       112.293434    
   383.125488       11153.4541       1058.70520       54.1838303    
   489.042114       10979.2852       1102.61792       125.886475    
   4.48266602       11372.4883       2303.90649       120.804443    
   312.693481       10944.4922       826.693970       114.831924    
  -251.011230       9953.68359       1861.12341       115.921333    
  -120.895264       10025.3867       2105.60547       52.1470490    
  -377.254517       9872.23340       1728.03638       84.8044128    
   668.018616       10904.2246       1097.40686       68.2628784    
   115.692383       10058.6973       2153.19727       191.429596    
   745.824829       10982.8574       1199.90430       82.5388260    
  -109.949585       9978.90820       2339.98950       112.098503    
  -338.680664       9692.47949       1765.48169       102.831734    
   13.2681885       10054.7363       2480.66455       89.7026062    
   673.605713       10894.5674       946.748291       82.8427048    
   292.702148       10949.0410       632.259521       80.7086945    
   430.068604       10986.6621       688.806396       71.0945435    
   788.855957       11032.3184       1038.44385       91.7213593    
   325.625977       11092.5684       608.028137       68.5330887    
  -473.855347       9600.29102       1791.56921       62.8437462    
   946.844788       10941.6006       1179.37646       123.639023    
   272.788452       10947.9961       474.714417       78.0887756    
   244.848267       10049.9961       2561.96655       155.870758    
   1041.75122       10729.2383       1168.27209       109.216019    
   156.404297       10120.1660       2738.54956       53.7636032    
   253.417480       10799.0371       408.969910       85.9045486    
  -442.789185       9499.52637       1936.20068       116.181580    
  -668.422363       10012.1455      -1484.43872       100.050034    
  -682.761719       10050.0361      -1654.50684       74.8179169    
  -637.919434       10213.7988      -1380.36133       128.919815    
  -439.057617       10140.1465      -1405.03760       84.5730591    
  -886.712646       10312.2471      -1503.69922       165.754761    
  -380.593994       10259.6758      -1376.16333       51.6156540    
  -1020.55859       10295.5352      -1707.04077       78.2265701    
  -440.742798       10048.9570      -1287.49292       64.2387314    
  -325.105225       10398.0625      -1441.65723       111.205902    
  -451.901123       10034.7939      -1160.99854       63.6151314    
  -262.403809       10066.0107      -1270.43213       115.749916    
  -434.433350       9888.84277      -1123.82227       87.9666443    
  -291.896240       10130.1865      -1072.64209       94.2897415    
  -380.991699       9821.28418      -948.604980       107.263161    
  -321.179077       9686.41016      -1071.62549       84.8506699    
  -1073.32275       10186.2480      -1934.87109       179.869125    
  -24.8750000       9979.14453      -1092.37988       193.544708    
  -1141.41992       10350.5684      -1738.88892       58.3235245    
  -121.525879       9965.49805      -776.680176       136.857147    
  -836.847168       10129.3203      -2105.03027       116.904114    
  -1124.36084       9935.91016      -1962.10034       77.0679779    
  -198.735962       9590.59766      -928.583496       126.462509    
  -1232.26831       9819.91016      -1842.93530       121.142807    
  -469.345337       9681.50781      -712.310303       181.172958    
   255.875244       9965.52344       327.290649       80.0802383    
   137.609619       9889.41895       369.634277       66.7794342    
   318.361328       9929.65625       90.0686035       167.844284    
   393.607788       10113.1689       246.152588       84.5387192    
   515.479370       9814.41211       225.991821       97.8822327    
   346.560547       10229.3242       100.919189       107.307610    
   276.031250       9706.36621      -89.7335205       121.920418    
  -115.067993       9920.78418       396.989441       189.296112    
   675.347168       10146.5645       170.876221       209.002945    
   149.846069       9713.20410      -344.230225       162.225693    
   614.767944       10310.9434      -62.9053955       83.1649017    
   28.1446533       9872.99219       675.691345       127.666748    
   575.968872       10443.0000       35.5225830       86.0302887    
   982.446045       10141.6875       222.888062       102.508453    
   897.408569       10410.4023       296.777832       158.116669    
   1077.80530       10136.6211       82.2667236       67.4462051    
  -131.973022       9738.57324       572.640320       64.3311157    
   1014.00256       10211.9854       348.395020       44.8043900    
  -182.849365       9817.94434       774.511597       111.751411    
   1041.85461       10152.9785       496.294373       116.828011    
   1177.80334       10047.0742       247.160156       115.890015    
  -87.4661865       9557.88574      -320.974854       122.368576    
   28.3527832       9747.97461      -533.158447       65.1083603    
   906.989746       10662.9531       338.307129       98.0163422    
   1242.35938       9966.82422       6.47692871       145.923035    
   251.136108       9422.82812      -510.733643       187.534683    
   1179.94458       9910.85156      -280.218994       152.754288    
  -341.801758       9652.40039      -377.829468       154.839508    
   797.401733       10812.4307       410.308350       100.817200    
  -386.636353       9812.44141       770.856995       92.1284866    
  -271.872437       9910.43652       941.987549       99.2843094    
   11.5443115       9421.91016      -595.164551       66.4837036    
   1159.91455       9837.70215      -516.052246       94.9884338    
   949.186584       10850.0820       519.853821       90.1227951    
   803.696594       10980.7988       436.040649       69.6791534    
   1431.55115       9817.36914      -360.404663       127.481529    
  -100.402100       9515.85254      -713.486328       121.553383    
  -29.3531494       9295.03809      -648.077148       76.9432449    
  -8.55065918       9521.74414      -852.216064       44.9130592    
   1453.27966       10057.5957      -513.445557       158.203064    
  -214.257935       10034.5186       1068.59924       87.0863953    
   1544.98645       10228.2158      -356.962402       90.7797546    
  -60.7846680       9449.26172      -868.541504       45.9214821    
   1337.55237       9947.43848      -768.742432       142.979935    
  -404.932983       10090.8535       959.096558       125.517723    
   1596.66577       9883.52148      -490.639282       68.5087585    
   856.520691       11005.3203       751.848328       203.992981    
   1682.97449       9823.54785      -402.601440       68.5733185    
  -7.45812988       9131.96680      -759.191162       121.528946    
   85.5090332       9429.00781      -1047.32373       185.967300    
   3307.97339       3594.80957       2864.81396       85.0666656    
   3138.63037       3483.07373       3041.45703       183.954285    
   3175.38525       3560.08154       2765.79150       84.0257645    
   3189.38281       3754.73828       3214.74023       142.230957    
   3105.68701       3589.43774       2616.25317       83.5795517    
   3317.90552       3653.47632       3314.77783       49.5331421    
   3095.16895       3886.66968       3341.50391       63.5817184    
   2995.54517       3202.78223       3110.33911       138.195633    
   3118.98584       4002.59497       3529.03125       158.128250    
   3282.68823       3742.81934       2605.30591       150.883026    
   2869.64258       3960.79370       3589.57275       101.808228    
   3180.72510       3397.56470       2600.04492       123.103096    
   2715.39453       3974.21313       3535.07007       62.3222046    
   3068.95923       4108.54395       3788.11597       126.226410    
   2964.92456       3304.82983       2667.68555       121.343269    
   3018.22266       3053.77246       2930.95825       96.0925827    
   2929.11719       4021.06348       3899.09937       72.5723953    
   2857.13232       3209.86914       2791.67798       68.4236145    
   2772.26318       3466.62329       2598.43872       139.607391    
   3163.16602       3164.10986       2731.50635       130.029114    
   2938.98535       3084.52148       2698.37500       102.586815    
   2986.67188       3330.71289       2459.81299       89.2604980    
   3365.98145       3067.91162       2705.67725       95.9269943    
   3182.83960       2890.99756       2786.03516       149.180756    
   3309.63281       3612.02759       2322.03711       162.278931    
   2856.45508       2968.61963       2590.01294       76.2803574    
   3084.69678       2897.20996       2571.12207       87.2001495    
   2862.54761       3308.22241       2257.24878       149.371857    
   3391.03931       2729.96289       2838.61963       119.196259    
   3009.09058       2673.03027       2654.93701       158.874207    
   3389.00049       2716.69092       2630.30054       89.5655289    
   2828.48145       2728.89209       2512.46875       77.8670883    
   2901.91113       3097.32373       2161.99512       85.3710480    
   3056.00391       2470.99805       2697.93164       52.9296532    
   3046.59277       2512.59766       2532.92969       46.1506119    
   2878.91016       2537.47607       2445.37305       122.630653    
   2926.52686       4147.66406       3991.91040       84.4360504    
   2694.77563       2516.36719       2493.16309       68.7815094    
   3073.20898       4309.50439       3928.84497       119.154106    
   2978.99585       2316.15430       2790.81641       143.384995    
   2508.02490       2516.15820       2524.10645       120.520462    
   2944.93555       3988.34326       4185.14404       166.669968    
   3189.31543       2337.19531       2558.23291       170.916275    
   2661.72168       2308.47656       2721.84521       181.398209    
   3200.87646       3907.92285       4250.41309       109.430374    
   2919.76733       2390.84668       2294.89771       91.3938828    
   2710.63477       4267.58936       4031.89380       165.756256    
   2644.59277       2168.64893       3014.03833       142.990051    
   2386.90698       2264.45557       2889.27686       143.395172    
   2558.38452       4473.95996       3842.45581       153.052490    
   3085.42554       5564.34570       2916.79346       107.646629    
   2967.41309       5647.27734       2973.13184       47.2385483    
   3157.16602       5476.17480       3139.70508       142.593750    
   3286.93945       5652.00098       2879.26660       115.300201    
   3231.71143       5330.92285       3034.80664       51.4812126    
   3195.68970       5400.13672       3323.42188       59.9482880    
   3379.71899       5811.82861       2967.65039       89.5466766    
   3073.44971       5207.83594       3061.04834       149.304977    
   3201.60449       5246.49658       3332.33472       94.0546417    
   3048.79932       5401.90186       3475.27637       151.347672    
   3116.92847       5116.52295       2836.10889       97.3218460    
   3358.21484       5246.79639       3453.28516       103.826645    
   2754.28613       5207.24756       3030.42896       171.322495    
   2889.52002       5237.55273       3561.03955       93.0581131    
   3135.05542       4893.98047       2881.06128       130.444672    
   2774.39600       4925.59619       3114.89111       123.394608    
   3079.21973       4810.59082       3118.53687       127.397766    
   3420.00708       5181.62988       3644.75586       107.661964    
   3155.93628       4657.07715       3131.77051       44.7405205    
   3018.41504       4655.40820       3261.12598       91.9519882    
   3251.16650       4578.80811       3100.08447       82.5245056    
   2983.54248       4623.92822       3437.57104       90.6424255    
   3399.93359       4587.83984       3256.00830       133.114105    
   3389.74097       5181.52539       3854.05859       103.813919    
   3208.68945       4448.89844       3031.45947       70.4224930    
   3248.20264       5222.60205       3944.49292       69.0860367    
   3140.73926       4428.84326       3312.70996       170.620667    
   3421.43164       5276.68066       3968.41162       48.2808685    
   3100.65332       4432.13672       3535.72461       55.9735222    
   3267.21631       5403.68359       4053.22729       143.000763    
   3265.51978       5135.41895       4094.43457       105.236313    
   3169.06055       4254.98389       3152.77637       67.3035583    
   3482.97241       4340.79883       3412.29297       170.785965    
   3004.28979       5501.14648       4095.18750       140.538818    
   3494.58472       5454.28418       4090.25049       92.8612366    
   3152.70581       5207.18750       4236.02441       89.5133743    
   3458.31519       4149.41016       3299.46729       52.7278976    
   3589.23633       5338.79004       4169.16846       76.0317078    
   3287.17358       5453.89258       4245.60889       56.8331375    
   3208.80762       4051.04907       3232.57471       155.258804    
   3336.89160       4880.32471       4289.10059       223.477631    
   3552.87061       5531.28662       4210.94287       61.7272491    
   3371.08789       5572.52881       4266.28369       89.9774551    
   3255.68262       5354.82471       4370.83105       105.889954    
   3343.78223       5806.44629       4190.76367       157.328293    
   3186.85156       5500.47949       4395.66602       57.0921249    
   3272.71899       5245.51611       4479.04199       48.8708305    
   3712.99805       5625.84375       4266.16797       132.250839    
   3406.34595       5565.08203       4430.13184       77.7902145    
   3096.47119       5417.81592       4516.56055       115.006325    
   2723.61719       3893.92090       944.671265       93.9626160    
   2920.57129       3797.71753       955.718018       125.501144    
   2760.63428       4013.31079       831.863708       74.4207916    
   2583.35107       3872.87573       795.185486       112.109390    
   2983.72217       4002.32227       1196.88562       196.996933    
   2476.06128       3924.30273       952.472046       85.1391144    
   2489.75317       4023.82764       686.115967       96.3116913    
   2980.29932       3582.14014       785.718079       155.478333    
   2997.91211       3736.01611       1236.44812       72.6067429    
   2749.64160       4048.64453       1402.24365       117.821182    
   2997.39185       3427.14136       920.828857       50.8302994    
   3281.86816       3892.66943       1054.22144       151.220734    
   2803.50171       3585.61279       1403.75513       224.717575    
   3373.11060       3970.35938       875.541626       63.9172363    
   2778.47534       3285.81348       1387.85498       76.5549316    
   3355.72559       4151.33789       895.458130       118.992065    
   3465.04297       3761.83447       903.951416       119.424751    
   3385.24023       4326.74219       833.525085       69.3395233    
   3553.78809       4160.65771       856.916199       82.9938507    
   3363.63403       4405.42871       737.767151       56.4483299    
   3032.72217       3403.39453       1615.52832       136.649277    
   3677.94141       4160.78955       1063.40112       157.940475    
   2645.16577       3251.30420       1495.84949       98.4727707    
   3447.89990       4497.96631       819.790649       93.1905060    
   2910.70581       3379.88696       1756.59045       51.3459625    
   3729.32471       4181.87012       777.188782       110.946594    
   2795.74756       3352.61938       1758.07959       66.8190231    
   3606.67212       4508.95117       940.141235       106.333366    
   2481.72949       3292.40625       1625.66199       114.245750    
   3581.60376       4554.52881       1133.54712       93.9232407    
   3429.14893       4613.22461       682.255859       87.2514191    
   3483.32324       4664.69141       832.003723       77.6890793    
   2875.11694       3161.82227       1811.19812       146.571457    
   3366.50171       4719.06934       930.547852       84.5453262    
   3777.11255       4367.36133       804.612549       82.5542526    
   3945.90942       4059.27783       779.877075       137.940521    
   3761.86548       4314.53906       554.847412       150.002441    
   3656.14893       4627.63770       756.522766       114.488472    
   4005.65674       4270.79492       959.897095       146.156021    
   3754.61328       4663.15039       976.826050       110.455093    
   3373.51709       4822.03223       640.211609       132.896729    
   3786.51392       4222.52148       305.117554       117.271828    
   2986.23389       3081.57080       2006.60571       92.1144028    
   3839.37012       4577.67676       643.930908       106.281281    
   3027.36206       3212.04053       2119.51611       85.2363739    
   4090.03638       4456.80566       1003.02319       62.6111336    
   3940.28247       4711.35059       979.791870       81.4179153    
   3158.25903       3096.16406       2078.11157       94.3890839    
   4092.76807       4602.51172       1074.20117       99.5765228    
   3255.83545       3285.84888       2213.89160       158.462158    
   2945.70166       3318.46875       386.436768       78.6268082    
   2963.26147       3204.01904       246.784668       102.767220    
   2948.87061       3311.60303       528.381958       63.5168152    
   2823.82129       3400.79321       521.257935       90.2536392    
   2759.96802       3294.19238       606.085999       60.1921616    
   2931.92236       2952.61572       176.098999       160.279449    
   2877.78223       3460.15454       644.929565       57.1566391    
   2719.36621       2915.48633       279.174072       78.8559570    
   2728.91821       3019.87402       77.5408936       75.1922379    
   3062.02734       2802.46338       378.721497       123.477112    
   2500.25049       2950.97510       282.754517       143.153870    
   2856.79370       2951.01953      -47.7835693       75.8788910    
   2908.37549       2661.71582       367.197754       85.2231522    
   2304.59668       3006.10449       296.457642       60.5961151    
   2785.97461       2805.93604      -136.467407       108.313263    
   2351.61230       2753.83594       332.145264       108.656265    
   2231.62476       3081.30908       222.844849       67.4366302    
   2366.98340       2564.88770       253.191895       96.6781387    
   2317.82837       2577.13672       504.107178       140.186188    
   2903.27637       2830.67041      -308.393555       101.290321    
   2099.34229       2932.65723       60.5095215       189.377594    
   2704.13257       2656.38330      -325.411499       146.170654    
   2846.32056       2976.82275      -466.582886       121.463516    
   2050.35156       3235.70898      -34.8089600       132.063354    
   2598.24805       2487.12451      -293.645996       55.9840126    
   2075.20483       2804.37451      -148.928345       57.4013634    
   1907.61853       2844.96973       166.289551       46.5105476    
   2227.04004       2337.36963       188.626343       178.121765    
   2888.68311       2544.71094      -464.355347       110.417450    
   2011.33350       2827.61035      -319.515869       126.244148    
   2770.85498       2607.50928      -614.032104       90.1572800    
   1812.03430       3067.40869      -29.1077881       140.401978    
   2963.54980       2352.13574      -442.684692       97.3380661    
   1896.42310       3370.97070      -106.505615       85.0429916    
   2772.42285       2205.18213      -489.860962       148.342484    
   1833.81018       3235.50977      -204.544067       93.5008698    
   1967.59790       2939.54102      -551.253906       134.793900    
   3044.86230       2268.22559      -584.104614       86.1237335    
   2135.02002       2075.99072       288.317017       116.390137    
   1814.60718       3019.89258      -463.249512       59.1290779    
   1853.31995       3377.85693      -378.293213       131.949203    
   1625.14172       3061.91895      -100.663696       59.7848015    
   1980.61743       2980.54004      -741.584717       60.3381577    
   1990.73303       3530.57031      -537.817627       128.152206    
   1573.65356       3174.46436      -99.5881348       63.9754601    
   2185.87817       1908.58203       130.837036       118.984314    
   1990.52820       1989.29639       223.001709       64.3216705    
   1776.69519       3001.88672      -688.637695       108.519157    
   1530.28577       3216.29150      -199.550903       52.7478027    
   2058.02051       3513.28369      -778.110840       121.980377    
   3257.41406       7006.29590       437.507080       159.508591    
   3189.15039       7257.51611       342.823975       117.491760    
   3269.52490       7192.39844       576.994690       73.3491974    
   2959.68848       7037.61182       350.636841       152.195419    
   3117.68726       6891.80664       570.177612       64.6516266    
   2856.82397       6900.49561       490.457153       69.0081177    
   2699.48877       6940.39893       489.167847       93.3196716    
   3374.82397       7251.68604       321.797729       69.4597092    
   3361.05518       7284.62939       212.167725       45.8244514    
   3464.58691       7317.13574       394.190735       63.1200676    
   3437.88330       7250.37646       131.181641       70.9309921    
   3477.97949       7362.32617       619.616577       167.176239    
   3497.04321       7456.04443       290.376099       113.272629    
   3549.58252       7196.48975       883.891785       152.913956    
   3593.25171       7597.79248       204.551392       78.3606262    
   3647.88818       7549.42725       677.098083       91.9972610    
   3726.22437       7571.73389       301.011475       87.9477234    
   2518.81030       7078.48242       439.293396       139.475479    
   3735.37817       7193.41113       952.988770       45.3273010    
   3424.79395       7313.34912       1143.01733       157.507263    
   2573.00439       6785.74121       471.494507       107.255432    
   3727.43066       7317.80078       1086.93604       137.658386    
   3822.22046       7035.42529       1015.05444       145.303940    
   2454.49561       7078.71729       181.479370       126.223839    
   2370.78149       7102.76709       562.509583       54.6967621    
   2458.38086       6796.89258       310.258911       90.8965607    
   3962.95581       6887.25293       904.185608       87.1951294    
   3452.27734       7283.50781       1385.15710       88.0276031    
   2501.19067       6596.97949       390.538452       110.307327    
   2406.97583       6748.74854       106.166260       124.978111    
   4016.72607       6718.86670       829.135742       104.840675    
   2278.34473       6769.21191       409.919922       116.726074    
   4113.30762       6920.41943       903.790039       66.7424622    
   2306.81934       6849.57227       723.329651       208.075195    
   2479.96631       6825.77539      -105.578491       111.882195    
   4245.68848       6853.76562       859.167053       88.1244049    
   4142.35645       6880.34326       1130.80786       165.630219    
   2184.57910       7095.50732       666.210754       72.5041962    
   2356.58496       6757.20947       1056.69275       141.374817    
   2341.23511       6476.73047       394.982239       89.8625031    
   2430.80566       6578.15967      -51.3496094       108.424065    
   4406.83105       6898.40137       666.015259       167.319672    
   2450.35522       6661.02686      -208.931274       70.7040710    
   4369.40039       6979.38574       993.945801       117.411766    
   4259.15088       7020.90771       1276.39221       68.0284271    
   2348.65771       6356.57129       280.712158       76.1314774    
   4424.28857       7171.91113       1038.00110       87.5969772    
   2086.05322       6893.11670       254.878052       159.632935    
   4250.77002       7205.05566       1383.02930       144.922943    
   2133.64136       6606.47998       293.848633       130.049377    
   2490.35815       4947.00879       511.956299       88.4450989    
   2569.66553       5131.34961       369.393066       157.726700    
   2616.57959       4917.96094       428.747742       65.4898148    
   2635.07178       5035.50439       662.804382       138.540039    
   2694.09277       4802.41162       305.340698       120.502647    
   2711.51221       5352.70605       242.297485       134.290619    
   2770.61475       4899.62354       681.665222       54.3298836    
   2550.82471       4701.35693       205.113037       81.4245224    
   2904.33105       4705.19434       690.670227       181.806198    
   2863.63770       5296.78857       111.123047       74.2273407    
   3054.78516       4637.01367       512.015198       61.5093117    
   2794.42725       4686.70264       915.264404       68.8994446    
   2477.53027       5382.40039       152.435913       118.099068    
   2704.36108       4562.42188       738.166138       68.4017334    
   3006.41479       4554.60742       408.218079       79.5741348    
   2694.23438       4608.04590       883.606567       62.3289032    
   2947.97021       4478.53125       602.076111       65.4357910    
   2550.55176       5570.41211       169.011230       84.2884827    
   2363.27686       5562.12988       247.968018       115.328026    
   2259.65625       5336.36084      -4.87097168       154.537827    
   2529.00464       5708.28662       197.224854       58.0762329    
   2430.51270       5487.10059      -142.441895       111.608002    
   2751.79346       4551.83398       1029.41919       104.237160    
   2342.05225       5648.71826       75.7054443       78.6430588    
   2605.24194       4445.27246       1020.77295       77.1687241    
   2920.56494       4577.90625       1102.78857       81.5927429    
   2900.37378       4408.15039       1028.70044       102.416817    
   2675.29297       4548.19238       1221.54395       102.582672    
   2644.31494       5824.01465       207.401367       105.629410    
   2365.64722       5840.52246       246.230225       157.718948    
   3095.58594       4579.97852       1159.02820       102.250793    
   3088.36670       4374.16650       1021.89832       88.7214432    
   2269.89575       5708.93213      -47.6988525       76.4409790    
   2422.50439       6019.39746       483.962463       145.200302    
   2791.47632       4293.34668       1006.11267       57.4170532    
   2579.27344       6048.56299       656.787231       89.9415359    
   2690.42383       4304.79492       1099.00342       80.3167191    
   2726.21387       4170.58984       960.770142       88.8137589    
   3121.80859       4244.39258       911.620544       84.8514023    
   2450.32959       6018.32422       861.691650       154.043304    
   2195.50391       6003.12939       150.163940       96.4767303    
   2607.15039       4072.57690       885.304016       82.8659744    
   2314.50317       5969.31445       1036.71240       72.8676758    
   2867.70312       4106.54980       978.241333       67.4811630    
   2301.86377       6035.52197       2.87426758       88.0860291    
   3179.59302       4246.32031       1080.33362       78.8454132    
   3053.05225       4020.87622       830.348328       162.716629    
   2432.18994       6150.37598       189.546509       164.254837    
   2580.30273       6216.11377       665.792969       77.8255844    
   2156.38672       6139.86230       514.522034       148.539276    
   1508.68347       7031.33740       524.844482       77.9498749    
   1410.19495       6882.44531       668.463074       151.189087    
   1497.51514       7137.05225       585.571228       44.4845276    
   1603.25476       7082.70117       418.505554       73.3537598    
   1538.39014       7269.51025       538.841370       101.796829    
   1760.81274       7062.03076       363.987488       94.6051865    
   1840.67383       7184.38037       317.291138       58.8045235    
   1260.91675       6829.24023       446.342163       121.682396    
   1296.50659       7059.66113       824.296143       110.740898    
   1578.48901       6600.97656       660.744202       176.839340    
   1361.71838       6782.49609       886.680420       93.6803894    
   1225.71948       7225.65039       896.753723       83.7202072    
   1040.70459       6969.62549       686.870239       193.259125    
   1284.83362       7428.01758       990.444031       147.033066    
   853.311890       7160.64355       692.304871       74.3825073    
   922.810486       6702.90576       743.084473       103.698799    
   1940.57288       7354.34619       206.350586       167.403702    
   1687.53198       6508.64990       881.163025       85.8731918    
   1467.59424       7616.50977       1000.14246       115.674820    
   871.959351       7194.64697       859.426331       97.1686859    
   1962.83301       7148.55566      -55.7119141       166.533142    
   976.719177       7067.53271       1107.03674       200.251007    
   1277.28931       7699.87061       1026.02039       93.7004929    
   2160.08740       7097.98096       67.6484375       71.5450363    
   1346.34863       7557.43359       1250.91541       150.240295    
   2111.58887       6951.33594      -36.4945068       81.2670898    
   1495.73206       7835.91064       1037.64502       108.708595    
   1414.79297       7324.61230       1416.10706       143.329041    
   1289.54089       7740.82373       1217.79114       44.5694580    
   1993.42896       6875.21973      -147.492554       97.8545914    
   1108.42725       7791.57568       1190.26965       145.532364    
   2289.30884       7193.86182       36.8747559       92.2991943    
   2256.35693       6882.29492       27.1163330       91.2869186    
   1673.76611       7943.81445       1141.06641       123.752716    
   925.164978       7158.92773       1347.39001       61.9955177    
   1232.56812       7331.18457       1534.29968       73.9487000    
   1350.54431       7844.03613       1341.25537       127.544464    
   1538.54419       7980.26318       1281.36792       74.4800720    
   1203.91357       7183.40137       1623.12695       100.812401    
   1386.74023       8062.55811       1220.54504       108.575462    
   1004.10248       7959.91211       1181.39185       52.7033386    
   1104.17163       7349.88232       1637.35645       91.7566986    
   1050.81982       7194.58691       1649.81433       54.9903221    
   1281.58569       6925.04004       1710.44238       182.726822    
   955.994324       7422.39502       1632.07507       73.2921906    
   944.483032       7215.01367       1679.27832       57.2295303    
   1259.87964       8167.13867       1291.60632       70.5404434    
   953.047974       7079.12402       1741.26514       92.3676453    
   1113.77954       7406.72168       1813.39978       93.4676590    
   788.924072       7445.87207       1657.67664       97.3663025    
   1285.97913       9185.70703       46.6058350       104.851379    
   1351.83105       9290.51367       190.470337       84.8979111    
   1103.70532       9049.58301       174.744629       156.271713    
   1064.05432       9238.20312      -76.9559326       154.545593    
   902.684570       9233.96875       260.649536       129.725342    
   1008.73657       9055.08301      -182.234619       63.7972069    
   737.361816       9336.69531       287.548218       66.7561035    
   1452.06287       9424.74219      -30.3471680       192.226547    
   936.717163       9095.95801      -361.835693       133.980896    
   1336.44324       9708.24707      -77.9606934       117.647911    
   1447.67908       9606.29102      -190.307007       49.8279839    
   654.683411       9030.43555      -326.773926       157.700439    
   1469.46729       9553.11328      -329.592163       100.807747    
   554.573914       9161.05859       376.372620       201.842804    
   459.994507       9104.08594      -225.700806       73.6668015    
   524.445129       8890.53516       247.384888       99.3111343    
   349.574219       9385.94336       193.074097       153.379852    
   442.463501       8986.55566      -455.178955       94.1786728    
   515.630981       8889.52832       576.032227       137.479385    
   468.132080       9132.82520       705.081482       139.233856    
   366.971436       8726.49121       416.515930       134.756195    
   213.412720       9132.91211       605.975525       134.066803    
   585.429199       8718.15527       737.123596       107.821991    
   291.473389       8961.06250      -538.909912       80.3842545    
   450.452271       9141.05859      -730.335938       221.529312    
   558.959473       9212.87695       1022.61151       200.645355    
   117.607422       9019.87305      -471.236572       115.240311    
   629.956360       8664.28613       929.679504       97.0104141    
   541.383789       8873.44238       1059.59277       141.257751    
   185.629517       8820.30566      -556.190186       96.5991058    
   549.477600       9401.51172       1217.52661       70.7510834    
  -11.5661621       8817.67969      -379.280884       141.701431    
   820.642578       8642.24707       1149.03589       194.476410    
   326.722046       8737.92285      -663.104614       98.6413803    
   111.537476       8693.63184      -520.446167       54.4442520    
  -50.0395508       9052.61133      -532.989746       66.4004364    
   91.7038574       8894.68457      -678.352539       74.4939957    
  -4.19360352       8741.71875      -586.971191       79.5708466    
   1124.28979       8512.43555       1233.80444       146.440628    
   785.435974       8371.80762       1218.82678       87.0267868    
   402.535156       8955.23438      -964.767090       81.4598846    
   368.092407       9331.30078      -983.692627       105.845871    
   636.963196       8578.55859       1387.22046       112.999138    
   851.589355       8132.20801       1066.13831       204.675339    
   228.837524       9092.29590      -976.968994       113.680840    
   952.296509       8724.80859       1517.82349       205.732651    
   470.118286       9472.08008      -1039.44897       76.7355728    
   188.629517       8930.62793      -1006.93140       55.5624084    
   14.6635742       8653.88086      -836.203613       185.399170    
   1307.84253       8447.42090       1372.17859       92.4384460    
