   567.317627      -1682.63794      -1464.85522       81.4026031    
   485.841309      -1690.47559      -1652.61853       123.426247    
   643.917480      -1546.87903      -1354.87122       109.371117    
   637.435425      -1465.37866      -1697.54016       151.650574    
   415.860840      -1596.85400      -1792.57312       58.9181595    
   566.304810      -1235.70032      -1635.15503       96.7515793    
   476.809204      -1897.35742      -1672.00427       84.5581741    
   410.486206      -1160.45471      -1513.62329       114.699020    
   286.706177      -1836.62842      -1634.71045       118.463921    
   313.233032      -1140.71948      -1643.13660       48.4616776    
   556.633789      -1983.75269      -1439.78015       175.757248    
   339.586060      -1137.58459      -1775.17310       86.2157974    
   223.463867      -2030.44678      -1568.57349       95.8707428    
   246.461914      -1067.81335      -1509.60474       73.7223892    
   358.104492      -1022.84448      -1353.35022       102.942528    
   316.442261      -2005.10059      -1222.59375       148.769547    
   516.551147      -2142.44604      -1677.36621       112.751938    
   117.876587      -1041.78503      -1413.53125       88.8867874    
   202.276489      -1033.72571      -1143.23706       158.874954    
   765.175659      -1840.01880      -1544.07043       98.1507034    
   179.360229      -958.405029      -859.418457       135.661240    
   761.036011      -1859.15796      -1342.67639       82.5705414    
   521.923706      -1960.14478      -1089.27759       100.262474    
   596.330078      -1845.87988      -1758.59863       71.7549515    
   836.759155      -1901.20801      -1182.65039       99.3925247    
   16.8361816      -1995.48047      -1556.22217       114.058220    
   696.148682      -1971.71069      -928.805664       136.886139    
   225.240601      -2089.90161      -935.979858       163.731247    
   1015.02234      -1890.00854      -1396.29419       178.840668    
  -88.0942383      -2137.30127      -1330.10449       172.739395    
   520.069946      -2016.40625      -1932.05591       171.440491    
   611.117798      -2186.12769      -911.147705       94.4507980    
   1157.12329      -1879.15552      -1617.01624       83.8920593    
   1033.77881      -2146.87329      -1304.73694       94.4980927    
   822.012817      -1911.16992      -718.102356       115.903923    
  -53.5150146      -953.486328      -965.016846       120.084785    
   923.383362      -2312.77100      -1408.91711       130.363174    
   1064.03979      -2170.79492      -1163.76624       51.6552200    
   205.428101      -2206.48022      -717.317505       84.8572083    
   866.776733      -2205.88770      -834.696899       167.760040    
  -5.01123047      -1010.69958      -772.331482       74.8422623    
  -178.193481      -2359.35742      -1265.74451       75.3921051    
   1211.67651      -2122.23169      -1146.74707       104.692444    
   973.375305      -2428.86328      -1537.08130       49.6439781    
   1292.16357      -1899.06836      -1751.45691       107.697853    
   1090.39417      -2429.90088      -1276.39258       112.895515    
  -249.958252      -1049.38916      -1011.11389       103.325691    
   960.105713      -2548.19360      -1402.76184       103.755226    
   1449.78357      -1817.09106      -1655.72351       94.1166840    
  -219.032227      -1228.32800      -745.638184       218.315216    
   1269.88696      -225.881500      -1793.57080       90.5928040    
   1137.69678      -275.580231      -1741.44043       59.9454880    
   1025.20752      -339.557526      -1916.82739       158.016815    
   946.290894      -384.326813      -1719.42590       59.2373199    
   889.353760      -149.703217      -1903.26990       75.8311157    
   1017.25415      -573.583252      -1914.77649       76.1528931    
   1324.59973      -117.460541      -1919.17285       84.1195908    
   961.839600      -565.291504      -2071.22949       90.0305557    
   1228.23779      -30.7497864      -1731.81421       118.273148    
   1058.97632      -708.372314      -1827.38110       89.8192749    
   1081.72632      -404.450470      -2236.14868       169.663849    
   1241.99292      -298.357086      -1481.06409       221.465805    
   969.904907      -787.331665      -1706.40845       79.8947144    
   1403.62781       25.2932739      -1907.58252       79.4604340    
   1464.37976      -107.461456      -1589.19885       90.9285049    
   1089.07471      -826.323120      -1657.90479       54.5461540    
   970.785217      -781.875366      -1544.99707       81.6110992    
   985.478088      -623.181152      -2317.75122       82.8552933    
   1484.50879       23.8803101      -1765.75708       83.8132477    
   1090.72656      -666.143188      -1489.41736       94.0847931    
   864.557434      -679.125366      -1979.00366       85.8316040    
   852.818237      -691.599487      -1524.36292       68.3612671    
   1181.13770      -900.099121      -1632.12354       66.2146759    
   1112.21851      -845.830811      -1485.90491       84.4779282    
   957.113464      -763.956299      -2285.55786       64.3132477    
   1121.48560      -651.052734      -1249.35583       148.409164    
   967.617249      -915.019653      -2180.43481       120.026970    
   854.686279      -908.209351      -1435.30139       122.036575    
   1025.83716      -1086.34045      -1967.17334       159.652939    
   1050.68665      -223.809418      -2463.51318       122.379013    
   881.893372      -858.688721      -2328.84033       60.3782196    
   1501.91711      -80.4121399      -1409.77466       94.3651581    
   1425.08716       188.933990      -1727.37305       95.7611237    
   716.025146      -996.593262      -2257.18433       155.370132    
   825.247253      -259.759064      -2555.83716       123.870979    
   1338.74048      -579.151978      -1136.38818       106.798744    
   895.365845      -1058.50879      -1362.73535       49.7497711    
   1447.55164       254.186508      -1859.31323       53.1371841    
   1070.97461      -1258.37939      -1704.34155       157.703796    
   1099.43530      -1260.73279      -2121.69824       84.6980133    
   1399.93579       314.725800      -1957.20557       71.4232254    
   1327.41553      -1246.37964      -2045.22339       156.194824    
   1023.56927      -1074.87000      -1288.92517       99.0847778    
   824.720215      -419.082672      -2694.43896       87.3032990    
   1076.35388      -979.593872      -1171.93347       60.7614059    
   1573.15259       279.975067      -1871.47510       75.6591263    
   666.633667      -933.916016      -1240.95032       149.619339    
   846.456543      -1353.47070      -1723.93115       86.9069901    
   1606.86572       261.028961      -1994.96899       53.7484398    
   902.247070      -1355.42834      -2095.22266       135.645920    
   2225.81787      -152.051422      -1433.02100       70.3620605    
   2367.62964      -3.36065674      -1341.55774       154.550125    
   2164.71704      -87.7882385      -1570.01978       92.8334274    
   2264.81787      -218.343048      -1243.70068       103.063736    
   2068.66064       32.8834534      -1669.66626       90.7895584    
   2402.57910      -154.198578      -1155.04785       72.8690186    
   2086.62842      -153.383514      -1737.00623       102.830612    
   2211.46533       212.803741      -1620.07666       144.206146    
   2304.92041      -404.400726      -1192.99609       93.9015121    
   2303.53174       85.6406860      -1773.32153       75.1815948    
   2542.72339      -232.128021      -1098.21143       97.2591705    
   1857.45959      -126.955048      -1505.71777       220.712250    
   2242.34644      -555.076660      -1149.19714       75.0311279    
   1874.46008       175.402557      -1358.53931       115.995804    
   2157.52295       154.147888      -1838.75452       88.5428543    
   2253.46289       430.738800      -1534.63086       93.6176529    
   2322.22241       14.4831543      -1968.55054       133.454865    
   2048.11182       61.7147522      -1944.30835       89.3772202    
   2415.79663       488.556915      -1605.69922       92.7847137    
   2225.23291      -458.159332      -1349.47412       89.7447662    
   2457.63623       104.750336      -2128.65869       94.8399963    
   1843.78552       262.483032      -1190.42566       75.7997818    
   2383.31421      -488.956451      -1332.16296       72.2360992    
   1729.88672       79.8424377      -1258.84326       83.9356079    
   2433.34448      -44.4006653      -2223.31592       83.4775085    
   2601.56348      -101.164154      -998.827393       77.3568954    
   2406.97754      -242.078339      -2169.28589       123.141304    
   2446.10010      -629.523804      -1420.42578       105.221901    
   2300.07007      -25.6943054      -2283.11401       63.7917595    
   2119.54663      -588.313110      -1212.02087       66.8521576    
   2675.95557      -273.727997      -2144.01611       148.870209    
   1739.58533       287.416443      -1306.01404       67.0250702    
   1909.57910       350.356964      -1088.26746       74.1550903    
   2637.45752      -347.247467      -964.171387       103.223991    
   2567.02588      -726.089844      -1311.67615       83.9197540    
   2165.24756      -566.286255      -1037.71533       60.9766960    
   2358.63916      -845.035278      -1542.83594       157.607910    
   2172.34570      -676.713501      -1109.03540       70.6718216    
   2618.89893      -855.063110      -1562.54382       103.589035    
   2332.80200      -742.668701      -1084.17810       104.581749    
   2053.59814      -638.364014      -1008.32208       75.1264038    
   1628.59045       414.020203      -1398.02051       124.842522    
   1935.67139      -700.730469      -1118.84753       98.1125565    
   1483.15710       292.850037      -1549.95532       117.892326    
   2532.08789      -897.311646      -1810.48022       162.477798    
   1722.36182       600.400818      -1455.77698       91.6430740    
   2491.51172      -873.610596      -2057.42822       88.8974915    
   1489.12146       253.024216      -1325.27661       100.241623    
   2194.23608      -798.081299      -961.562012       88.5644302    
   1946.30554      -526.614258      -807.347107       178.629654    
   2412.07227      -695.949829      -158.537964       70.6214523    
   2367.58984      -547.151367      -233.234497       101.713394    
   2239.43701      -723.704102      -44.3178711       138.234238    
   2355.37183      -404.654938      -112.990234       85.1373901    
   2506.92407      -609.736206      -349.180054       90.0521393    
   2243.14209      -436.519989      -374.067139       116.376373    
   2639.66162      -524.690796      -273.656006       84.7516785    
   2350.34277      -311.899689      -407.724548       51.4119339    
   2128.61816      -876.807495      -1.74072266       55.5033455    
   2562.61792      -376.340485      -350.299561       99.1450806    
   2554.70435      -651.034058      -538.527161       109.550003    
   2136.78320      -658.714600       185.694824       121.893883    
   2649.71240      -312.666534      -50.8521729       219.146774    
   2043.54736      -814.528931       128.734985       68.4037781    
   2538.17432      -523.681274      -665.014709       70.7073517    
   2716.02563      -528.192139      -588.956177       99.3970947    
   2437.62646      -455.176239      -753.897888       79.9615936    
   2855.99170      -586.687866      -504.029846       74.4543304    
   2291.71582      -111.731964      -7.09863281       193.710022    
   2019.88428      -902.543945      -125.647949       111.341606    
   2739.47559      -329.866608      -631.836304       104.859016    
   2367.65308      -539.476318      -842.318359       60.8203430    
   2259.15967      -1016.27344      -90.6285400       155.192917    
   2848.27100      -791.102539      -540.599854       133.348160    
   2430.97046      -462.068024      -917.492798       64.2926102    
   2254.60962      -532.011963      -930.500122       82.7443085    
   2636.33887      -134.958221       219.642334       104.777969    
   2256.99414      -978.570312       110.760010       49.7136650    
   1994.19287      -1049.06702      -249.093384       81.9615784    
   2989.76318      -679.461792      -698.235718       106.091400    
   2185.00293      -120.870941       269.948120       103.313828    
   1907.23291      -999.577637      -351.526794       61.2307205    
   2481.80420      -566.380615      -982.018433       68.4740372    
   3100.29370      -542.274780      -442.587952       181.326538    
   2954.26123      -544.590454      -768.661316       50.1482887    
   3178.39600      -394.558563      -231.559937       87.8496017    
   2507.87231      -683.105835      -1014.06616       55.3494148    
   2435.90039      -472.647491      -1069.23145       67.5411301    
   2992.67773      -479.115570      -850.029907       61.1243172    
   1837.60095      -1040.08984      -472.771301       84.3313599    
   2176.42383       38.4773560       372.325073       86.2857132    
   2865.54590      -596.493164      -972.701416       150.978928    
   1840.84460      -833.608398       224.552124       156.612534    
   3029.74341      -883.542603      -750.335449       108.295586    
   2113.91455      -102.905731       449.148071       86.3343201    
   2606.14502      -564.417358      -1124.86084       120.916260    
   1898.70251      -1186.22144      -130.721436       122.838745    
   2871.86841      -353.259613      -1041.52832       101.882576    
   3118.35889      -498.117462      -860.795166       66.4419327    
   1752.88782      -514.517456       360.253052       201.122208    
   1688.89258       2101.33105      -1328.21375       70.2460175    
   1733.77649       2112.92310      -1214.03125       52.9884644    
   1617.06580       1903.39453      -1432.75317       164.845520    
   1454.17419       1965.56042      -1269.09241       74.2833328    
   1573.69897       1741.09741      -1302.74915       47.5702362    
   1681.33594       2060.10132      -1612.01807       81.7822266    
   1313.14758       1994.95093      -1174.42786       98.0943832    
   1744.50940       1677.41479      -1325.64392       115.834877    
   1791.36108       2249.16968      -1579.99023       139.301727    
   1831.31360       1734.46838      -1132.27258       103.669823    
   1572.72241       1560.69385      -1360.59497       94.7745895    
   1724.15857       2117.40137      -1785.34668       105.727921    
   1370.32849       1613.00134      -1537.97900       179.385406    
   1630.34070       1961.68848      -1872.52808       95.8887634    
   1800.47034       1434.31750      -1406.45630       146.382004    
   1499.93213       2061.40479      -1883.98511       68.6743088    
   1631.90271       1360.62280      -1501.78870       60.8254738    
   1792.73364       2343.92529      -1774.01880       76.6320724    
   1680.03809       1387.29895      -1615.61499       65.6088562    
   1923.99487       2125.03613      -1119.44287       159.796967    
   1864.93408       2204.55151      -1893.44849       92.0070648    
   1932.84778       1666.12610      -974.557373       95.9632645    
   1497.33936       2034.87744      -2115.13013       164.002487    
   1808.27576       2287.82251      -2023.83032       72.7465134    
   1999.48193       2317.47534      -1983.70337       105.480087    
   2125.96826       2246.46436      -1179.82971       83.4797668    
   1795.00098       1526.10791      -962.452393       100.894478    
   1835.28528       2554.67139      -1827.08398       144.817047    
   2137.73755       2294.39111      -1046.03345       59.1276894    
   1221.05957       2010.76929      -1059.30371       50.1739922    
   1844.08521       1173.05566      -1478.67017       128.162827    
   2043.11975       2355.60400      -1069.42700       55.9679222    
   1834.81885       1344.96216      -901.792725       94.2448807    
   2272.17139       2136.49683      -978.360962       159.007095    
   1805.20764       2592.73657      -1602.78247       84.6711655    
   2020.20239       2471.75928      -1072.37732       62.4631538    
   1798.07422       2253.59131      -2186.52124       93.8172684    
   1881.52832       2388.95459      -2094.06738       70.5257721    
   1757.98621       1458.81848      -721.308228       132.563080    
   2298.01685       2425.89038      -1170.63000       165.277451    
   1431.33020       2277.00879      -2132.92529       87.5957336    
   2083.13696       2638.59766      -1700.74072       145.763657    
   1131.22998       2046.14587      -942.596558       101.292191    
   2168.84790       2317.06958      -2188.43799       160.227173    
   1697.59521       2734.23486      -1789.97021       84.4856262    
   1020.55536       2211.00391      -1124.69006       168.123489    
   1357.73755       2298.56201      -2266.17603       66.1450119    
   2066.84766       1324.87646      -883.591919       139.362259    
   2505.68359       2383.99731      -1123.82227       51.6811142    
   855.765869       2090.78955      -1332.84668       123.316490    
   842.896606       2339.70947      -2412.48486       110.922256    
   878.175537       2213.46240      -2614.23242       129.669083    
   989.973022       2417.80933      -2493.82324       74.4066086    
   848.114685       2249.50049      -2237.90527       85.6551437    
   874.961060       1990.59521      -2460.60547       141.034698    
   1147.62891       2479.42212      -2444.16504       101.995293    
   876.105530       2188.00854      -2788.57129       46.5346756    
   874.239258       2243.52539      -2063.28345       91.0137558    
   1004.05829       2164.02661      -2776.56323       81.6168365    
   1059.48633       2311.93604      -2064.34497       106.462372    
   1129.43530       2095.25391      -2808.46143       64.8963165    
   730.077393       1845.04163      -2545.29541       81.1149521    
   736.649292       2184.94312      -2043.28149       59.8607063    
   1059.08643       2483.64185      -2027.30737       69.1947708    
   852.598816       1731.69336      -2472.31396       101.053406    
   942.236694       2531.22095      -2006.61926       58.6574554    
   1206.75696       2100.33081      -2935.93018       84.2787170    
   777.386719       1995.44214      -1953.92041       153.574936    
   756.647705       2155.16968      -2946.27246       154.010086    
   1213.47107       2324.03516      -2108.21484       54.1080933    
   809.768433       2514.34692      -2059.54761       84.9866409    
   861.941895       1623.46155      -2308.13965       95.8062439    
   635.102173       2125.39136      -1906.08423       44.9724541    
   1012.62494       1568.95056      -2475.79175       127.214348    
   1160.11914       2389.42358      -1914.29980       90.1239166    
   499.257690       2128.37964      -1898.47998       91.1164093    
   1065.04419       2036.31348      -3076.66528       125.452339    
   379.497314       2274.37964      -1889.90186       97.9127197    
   816.974365       1950.03198      -3106.74316       113.330124    
   881.275574       1486.38794      -2683.76221       132.255753    
   787.778564       1767.72461      -3103.56738       71.3264084    
   1280.99170       2235.65918      -1928.90576       106.005875    
   884.309021       2580.04565      -1912.73987       61.9762192    
   246.364502       2230.22046      -2010.58057       87.1210632    
   1049.94678       2670.30420      -1997.67371       117.483047    
   1239.50513       2242.35767      -3201.82031       172.127609    
   472.667969       2471.14331      -1874.54175       120.337448    
   525.085083       1822.25061      -3225.36914       223.314850    
   981.801514       2544.00122      -1824.31104       74.4905319    
   718.841675       2531.86646      -1800.62866       143.622681    
   1159.20972       2790.23120      -2093.74463       71.0660858    
   540.708252       2363.91553      -1726.36731       74.8102570    
   761.357544       2343.71729      -1629.48047       114.253761    
   944.337830       2928.14551      -2135.87793       187.714447    
   523.948242       2233.43823      -1626.98535       90.0594025    
   1455.94153       2370.31006      -1828.82422       136.386826    
   920.078796       2257.03394      -1506.27393       104.576195    
   635.290161       1531.73767      -3114.05786       106.735374    
   1549.66028       2177.53198      -1802.23962       79.6092529    
   622.046387       2503.56323      -1545.07642       113.962959    
   2063.72949       1128.56860      -1568.52930       92.0270767    
   2257.06860       1264.00281      -1602.57861       146.473282    
   2113.14185       1089.70483      -1727.26721       78.7184525    
   2079.21289       987.166504      -1447.06616       95.0188522    
   2381.08887       1174.19214      -1462.61279       60.9828415    
   1936.84436       981.783936      -1384.24023       60.6714554    
   2416.21265       1172.73438      -1750.90393       89.4559479    
   1848.80457       881.285400      -1431.54553       81.0621643    
   1892.16650       946.252808      -1248.99988       86.1241379    
   2240.49731       1382.33643      -1352.17188       130.980011    
   1730.69531       986.652222      -1237.83569       80.7225037    
   2487.04028       1077.09851      -1404.23511       94.1421356    
   1694.81226       1160.55676      -1150.61023       117.110634    
   2250.48193       1350.01892      -1817.88794       85.4813538    
   2523.97510       907.652222      -1441.88037       83.3276443    
   2315.92725       1124.79016      -1931.76343       122.829887    
   2204.69751       1579.23267      -1306.26807       74.3464813    
   2636.84863       1086.65906      -1440.13184       60.2104530    
   1690.88684       798.669922      -1250.03845       111.837135    
   2527.99707       1077.57507      -1586.50635       92.6876373    
   2173.24438       1517.23340      -1177.32605       72.1444702    
   2495.45264       732.125183      -1572.60815       137.374573    
   2335.49048       1597.65759      -1324.66089       59.0124969    
   2136.58545       989.440369      -2007.74683       114.356827    
   2546.83496       1081.85229      -1821.61914       84.6804886    
   2462.48584       1015.13147      -1963.73413       62.9935036    
   1986.17871       1039.34644      -2156.11426       102.725578    
   2657.45996       1294.67261      -1798.72778       156.266602    
   2235.11719       1523.37793      -981.541016       133.287704    
   2526.98340       1589.48340      -1739.89392       171.451035    
   2336.72656       1642.96655      -1079.67529       51.8023682    
   2712.26904       680.430115      -1528.23193       89.8865738    
   2227.30127       1457.95972      -748.126831       109.249512    
   2735.36768       927.487366      -1883.77417       166.786041    
   2394.23853       1463.14856      -755.510193       57.9479523    
   2196.15039       1763.51318      -925.191772       116.431595    
   2132.19141       806.601746      -2139.68579       111.140320    
   2824.19385       670.249390      -1424.95508       62.7253456    
   2928.95410       946.610474      -1737.67798       76.4907913    
   2523.15601       1743.18982      -1909.03882       57.1392174    
   2503.51025       1453.86353      -703.263855       63.5149841    
   2116.10400       934.136597      -2253.59619       60.6030579    
   2102.29785       569.312195      -2094.48145       132.264496    
   2386.75806       1365.11169      -639.755066       93.9163208    
   2790.27100       1774.83765      -1592.06384       182.839264    
   2233.06226       396.889618      -1883.91528       169.661087    
   2117.93018       1515.59668      -645.379150       51.5122757    
   2335.84351       1597.18164      -650.366577       92.5394745    
   2033.17615       1917.43213      -921.697632       107.782410    
   2613.51953       1733.15161      -2080.86328       137.247650    
   3410.07300       1971.71338      -424.624878       125.283142    
   3296.27319       1841.05298      -609.880249       128.370102    
   3304.13818       2109.28760      -469.697021       54.1034889    
   3156.62329       1957.71155      -753.981384       103.739120    
   3542.18945       1860.96716      -369.674255       55.6483574    
   3342.98462       1972.05090      -215.244629       94.5857925    
   3629.92432       1734.02734      -387.138245       99.6558990    
   2959.33472       1954.77563      -733.727356       94.6111526    
   3274.04077       1940.08521      -87.8471680       53.7622337    
   2962.42041       2149.84424      -725.141846       100.662018    
   2773.51807       1918.30286      -677.357971       102.956734    
   3120.72046       1964.81311       5.57177734       127.477852    
   2797.99780       1831.44104      -873.182739       112.663330    
   3647.22583       1854.90344      -266.535278       71.9755554    
   3661.99023       1647.79395      -505.318481       50.1022682    
   3628.46436       1608.95056      -245.761841       89.1027756    
   2690.20557       1744.51343      -746.633362       74.9377670    
   3493.59033       1632.60266      -15.3304443       178.945404    
   3004.47656       1593.12537      -932.689209       208.222107    
   3330.67334       1848.90295       7.54760742       89.8479691    
   3791.26172       1564.57471      -647.908569       159.589844    
   3712.71777       1490.85120      -167.943604       75.5222778    
   2656.29590       2037.93298      -851.945435       138.690750    
   3835.77002       1587.08765      -977.988892       174.241440    
   2576.84326       1971.24719      -571.405579       126.657822    
   3553.45068       1877.49316       35.8651123       78.2959290    
   2756.03369       2004.31848      -1103.20386       133.737488    
   2594.23535       1655.28186      -985.579956       179.205688    
   3645.53711       1695.37463      -1249.45032       174.465759    
   3844.94482       1260.48706      -694.066711       152.623505    
   3699.42432       1897.56824       70.2690430       73.0093613    
   2902.03564       2118.39697       142.021362       172.604340    
   3775.56445       1879.76001      -1180.19946       61.5436211    
   2456.40967       1805.25818      -356.032959       170.727402    
   4080.16797       1424.11243      -493.651733       196.750778    
   2459.18555       1816.37244      -738.812073       129.960159    
   2471.37329       2136.25977      -447.597351       105.051949    
   4182.76465       1691.85522      -315.841003       140.641541    
   2465.36328       1584.29883      -768.412537       83.1238098    
   2656.04736       2171.99146       51.9924316       94.7569046    
   3902.88818       1231.30859      -958.759155       119.900871    
   2792.32422       1637.33374      -1265.34607       164.055740    
   3866.32422       2014.15259      -1264.95374       121.433891    
   2700.49512       2164.55908      -1181.11072       52.8821335    
   4098.90234       1264.07178      -833.425659       115.066216    
   2510.37305       1438.68079      -1004.86163       53.8597336    
   4264.73633       1699.65393      -140.056519       53.4497147    
   4261.92969       1289.11621      -726.976624       81.2713470    
   4104.06543       1272.43176      -1109.20361       134.680695    
   2536.94995       2217.45825      -910.715027       84.7525406    
  -1563.56775      -3150.20166      -5170.47070       133.067184    
  -1661.75732      -3032.61987      -5035.99805       70.7727280    
  -1861.80640      -3091.45557      -5037.49365       137.753922    
  -1620.95093      -3046.11963      -4821.73096       147.762054    
  -1969.29553      -3291.46777      -4958.21045       102.751694    
  -1382.01819      -3137.07422      -5012.08740       108.221672    
  -1800.86719      -3448.13623      -4936.41260       128.307755    
  -1315.60474      -3264.46387      -4944.96191       50.3499870    
  -1614.82410      -3536.55835      -4888.96729       83.0739670    
  -1206.32971      -3320.97437      -4931.97656       73.3560410    
  -1714.27319      -2817.54395      -4732.10986       114.889511    
  -1119.70642      -3139.55029      -4892.50098       131.521576    
  -1645.22656      -2798.42261      -4572.97754       59.6293678    
  -1831.57654      -3613.83643      -5109.71484       113.421539    
  -1988.59399      -3466.20630      -4693.51465       179.212769    
  -1599.82605      -2889.00195      -4446.60254       102.348480    
  -1113.91797      -3064.65088      -4649.19043       123.124443    
  -1732.05298      -2667.40186      -4593.33643       90.3344727    
  -1190.39819      -3135.61450      -4443.92041       107.137825    
  -1774.33850      -3667.97168      -4908.46875       94.8807831    
  -1031.27124      -3065.68726      -4265.85107       141.699142    
  -1595.29797      -3576.40918      -5143.49170       128.175583    
  -827.415222      -3208.01514      -4352.32666       121.539177    
  -1813.11694      -3445.10669      -5169.83350       66.6490021    
  -1708.80652      -2490.64746      -4643.81445       94.9482880    
  -1971.43604      -3311.75928      -5174.89209       114.886513    
  -1702.29553      -3838.89526      -4917.51855       90.8298340    
  -2160.24048      -3413.06030      -5012.05859       129.937286    
  -1448.79114      -3889.97852      -4975.15039       174.109802    
  -2107.61646      -3438.45264      -5211.47412       74.6786575    
  -847.980530      -3036.85205      -4376.32617       52.5187492    
  -1314.87292      -3954.66553      -4696.10645       142.092300    
  -1974.69470      -3512.27441      -5224.48633       77.9277573    
  -1943.76855      -3374.96338      -5342.37891       66.2512665    
  -2172.19482      -3225.47485      -5133.41797       93.8031998    
  -2045.76489      -3155.76099      -5334.42969       120.300842    
  -1709.99817      -3939.84277      -5067.62988       90.2343445    
  -1967.82068      -3487.54492      -5380.43164       54.9997940    
  -1920.77295      -3866.98584      -5111.44092       137.036926    
  -1826.44482      -3990.15088      -5000.35986       53.3453941    
  -625.110413      -3315.32764      -4421.59521       117.713570    
  -2051.55566      -3439.56128      -5439.31592       58.0571785    
  -740.041077      -3381.00366      -4238.81934       103.056206    
  -2163.55908      -3645.50684      -5278.82715       150.128571    
  -1807.69775      -3924.97314      -5342.15479       126.361359    
  -932.348389      -3077.73608      -4048.13135       97.7452164    
  -2043.29907      -3396.74121      -5602.38574       110.741913    
  -1220.28162      -4163.45166      -4549.09717       130.217819    
  -704.999451      -2869.51025      -4379.79883       167.613297    
  -2370.85645      -3561.39844      -5226.64502       79.5925598    
  -2389.09668      -3431.74829      -4053.32056       91.6321869    
  -2522.61816      -3357.25928      -4019.14673       65.0423431    
  -2225.33252      -3479.86572      -3972.98462       97.0096664    
  -2400.53516      -3178.80347      -4067.71387       156.564743    
  -2269.93506      -3616.51660      -4010.04688       51.4340591    
  -2153.43066      -3372.29004      -3827.33008       97.8168869    
  -2257.90039      -3609.29004      -4200.00684       139.044739    
  -2210.79932      -3631.35938      -3801.37378       132.361893    
  -2108.41553      -3713.62012      -4048.79419       97.8004303    
  -2625.83301      -3293.62134      -4119.66357       92.4568939    
  -1944.11560      -3335.94385      -3868.42603       118.568680    
  -2718.68359      -3417.33008      -4046.97217       78.4493561    
  -2664.71045      -3260.84473      -3834.39355       187.188110    
  -1948.77478      -3680.21777      -4211.63477       132.672073    
  -2744.12354      -3489.88135      -3822.00293       55.5367584    
  -2740.95264      -3447.57983      -3713.78955       47.8093185    
  -2573.78516      -3369.11401      -3526.06104       152.011566    
  -1906.97986      -3791.78320      -4070.42529       52.0830612    
  -2563.03613      -3132.09082      -3647.92383       61.1762924    
  -1975.36792      -3483.44409      -4237.86670       67.6179962    
  -1883.14148      -3653.06616      -3960.34766       126.602303    
  -2094.54297      -3552.85352      -4411.59912       134.166306    
  -2895.60303      -3223.21289      -3945.11206       71.6258392    
  -2132.15234      -3792.46436      -4331.96240       113.712990    
  -1789.47534      -3741.72388      -4121.11719       60.5989151    
  -2195.86719      -3668.67944      -4541.27441       67.0778656    
  -2915.14941      -3340.56030      -3943.29150       47.3500710    
  -1863.70312      -3828.89990      -4388.06006       113.234283    
  -2681.87354      -2943.91943      -4021.51880       181.260422    
  -2650.69727      -3012.68823      -3628.90234       88.1648102    
  -1973.53601      -3931.12256      -4443.73145       46.8045197    
  -2880.35938      -3236.16919      -4134.62744       118.941284    
  -2765.80322      -3311.22412      -3588.63037       58.0785408    
  -2387.78125      -2905.99902      -3684.93262       201.054001    
  -2979.39209      -3413.60156      -3890.54834       63.3004379    
  -2875.05078      -3050.05029      -4149.37158       67.8357315    
  -2797.78516      -3106.51318      -3639.46216       86.6105270    
  -2999.75488      -3348.60693      -3778.79785       67.5716400    
  -2961.56689      -3059.50317      -4015.93140       91.4774094    
  -2624.20850      -3198.25391      -3364.82056       88.2715149    
  -2855.12012      -2968.81445      -3736.07764       91.1073151    
  -2689.57617      -2786.75537      -3827.75977       68.3454132    
  -1674.91211      -3809.14355      -4453.09912       87.4262772    
  -2945.72363      -3379.21582      -3474.71777       165.467865    
  -2916.65967      -2854.65015      -3947.96680       80.4729843    
  -2561.23340      -3211.98877      -3205.15771       83.9050674    
  -2463.01562      -2627.59717      -3665.46289       87.9855042    
  -3073.49902      -2946.47974      -3761.58154       129.880463    
  -2923.96436      -3545.75977      -3301.92480       75.5033875    
  -2919.42139      -2801.27832      -3589.36719       140.675934    
  -2076.72607      -1406.90332      -3755.54541       104.006401    
  -1944.56213      -1316.29785      -3616.32764       108.272568    
  -2160.62817      -1250.08032      -3796.33105       78.4707794    
  -2285.69678      -1421.68762      -3768.40796       105.882416    
  -1807.05408      -1270.70898      -3704.63574       61.3822174    
  -2378.18213      -1474.94507      -3593.95654       98.6117249    
  -1844.43848      -1166.70715      -3716.01611       49.7338905    
  -2329.73047      -1623.35205      -3475.51001       97.3493881    
  -1876.93518      -1259.59082      -3895.27759       141.976532    
  -2117.19189      -1679.84424      -3455.98120       123.440407    
  -1742.08057      -1147.87354      -3584.94238       117.634453    
  -1862.29773      -1082.26831      -3995.35815       62.1704407    
  -2265.14795      -1768.95129      -3490.72144       52.7354126    
  -1774.03613      -1014.04236      -3910.65967       77.8974304    
  -1870.96399      -1140.48792      -4132.79639       87.3452988    
  -1617.87305      -1045.08301      -3890.71606       82.5596542    
  -2031.72388      -1734.96289      -3311.68579       53.0850220    
  -2379.63037      -1496.04797      -3306.12305       120.341888    
  -2165.59399      -1087.18945      -4150.11914       212.557861    
  -2266.82959      -1798.19873      -3624.20972       83.9246521    
  -2023.60730      -1854.01440      -3658.80688       159.799377    
  -2391.10986      -1796.81238      -3483.99390       76.4541626    
  -1673.98376      -1014.17773      -3450.80396       83.6180725    
  -2544.40967      -1776.56812      -3611.45020       123.934952    
  -2242.95312      -1864.95654      -3353.33032       116.338753    
  -2022.80957      -1268.08362      -4436.60693       155.119736    
  -2291.36865      -1978.46643      -3513.60034       85.9254303    
  -1821.30615      -890.912842      -3418.40112       111.181938    
  -1524.41760      -1073.28076      -3491.40308       82.2446976    
  -1647.73291      -1095.83789      -3292.64160       96.3061295    
  -1741.83203      -993.304443      -4340.77344       198.306961    
  -2155.50757      -1668.35107      -3227.02148       108.987404    
  -1437.96814      -956.826172      -3525.65991       66.7686691    
  -2711.10352      -1682.60010      -3745.08618       109.468887    
  -2588.84131      -1473.51660      -3300.88354       90.1470032    
  -1361.01233      -961.276489      -3651.07568       80.4442139    
  -1730.98132      -1088.90918      -4576.57812       56.3653831    
  -1872.49561      -708.001099      -4384.38184       118.492905    
  -2825.84180      -1608.27515      -3846.33545       60.6414680    
  -2531.27734      -1978.03284      -3682.02734       89.9422607    
  -1780.23901      -840.028198      -4540.67822       56.5097198    
  -1432.97668      -769.130005      -3586.98657       130.744659    
  -2528.45947      -1538.73291      -3177.19141       62.1612129    
  -2445.33252      -2023.74890      -3554.36719       70.6131668    
  -2515.16064      -1798.57544      -3291.05566       152.929657    
  -1258.16101      -886.960938      -3782.42065       102.182999    
  -1417.16309      -644.263794      -3801.46289       117.941872    
  -1740.35364      -1183.61853      -4703.07031       101.934662    
  -1740.66663      -961.362915      -4669.85742       101.939133    
  -2062.62842      -1700.69470      -2995.04321       142.973770    
  -2820.51514      -2695.04370      -2975.77686       170.242889    
  -2730.95703      -2789.69043      -2737.02539       101.727882    
  -2861.33398      -2880.74048      -2699.62061       61.6381302    
  -2614.31738      -2592.40576      -2962.73730       60.4544106    
  -2923.42627      -2736.47363      -2617.85620       115.442101    
  -2777.78809      -2534.73315      -3137.04395       61.1253281    
  -2999.65674      -2866.31201      -2687.27783       50.3626404    
  -2782.18555      -2983.68408      -2636.90527       82.5692978    
  -2585.83887      -2579.31836      -3185.25537       141.757355    
  -2945.99756      -3000.74805      -2713.77441       85.9233246    
  -3139.82178      -2784.12769      -2673.25439       112.714096    
  -2551.51514      -2428.51050      -3049.82080       63.8290482    
  -2918.22754      -2455.90918      -3238.92651       129.439072    
  -2481.99902      -2780.06885      -3224.38037       87.6144028    
  -2717.64111      -2364.95312      -3226.72266       91.1489639    
  -2709.84326      -2939.20825      -2409.43115       160.235062    
  -2620.08154      -2948.14746      -3319.57568       149.819550    
  -3178.98926      -2838.91895      -2419.04248       150.273727    
  -2447.76465      -2344.58643      -2960.88403       96.5337372    
  -3078.98096      -3004.36572      -2583.12549       100.520615    
  -3214.95801      -2937.04883      -2653.81348       58.7735939    
  -2687.48730      -3131.53711      -3252.80273       56.6556816    
  -3210.70508      -3123.04248      -2662.25146       93.6357040    
  -2953.46387      -2700.59155      -2198.60864       194.085434    
  -3005.90527      -1979.82886      -3162.41406       130.359619    
  -2942.55713      -1901.60742      -2961.29053       94.5370941    
  -2918.89014      -1794.92212      -3200.86255       77.5831070    
  -2908.89746      -2091.40918      -3299.02734       70.9469757    
  -3226.30127      -1951.01123      -3254.52856       110.247757    
  -2796.65332      -2179.81055      -3305.84619       72.0947647    
  -3014.27539      -1911.18774      -2826.90356       58.0910339    
  -2666.10449      -2088.39404      -3415.14600       121.160355    
  -3052.73828      -1755.47351      -2880.18042       105.650803    
  -2567.02734      -2133.41162      -3267.60938       62.1725426    
  -3250.38086      -1722.82825      -3019.22754       138.215286    
  -3022.31152      -1676.71887      -2740.22461       57.7863464    
  -3213.24658      -1705.59265      -2785.94238       87.0516663    
  -3068.15527      -1555.86621      -2786.12256       79.3750916    
  -3379.80371      -1617.81921      -3200.54443       108.029709    
  -2528.69043      -2219.45117      -3151.63135       87.2378922    
  -3421.11816      -1686.81982      -3345.10840       57.3915138    
  -2440.63135      -2105.09448      -2971.85083       143.317444    
  -3369.78369      -1893.52380      -2765.96826       158.345444    
  -3455.53174      -1851.55457      -3446.73975       139.208298    
  -2527.94678      -2022.62744      -3284.42139       56.5082436    
  -3546.37988      -1731.76672      -3319.74585       57.5971603    
  -3396.82471      -1692.61646      -3519.65552       45.2472687    
  -2985.68164      -1454.64856      -2579.80176       164.767624    
  -3266.47852      -1612.88379      -3587.91650       122.108665    
  -3580.29297      -2073.54517      -3413.13232       117.656349    
  -2471.76611      -2049.70312      -3411.45239       77.0208206    
  -2757.09326      -1328.82373      -2801.50391       177.625076    
  -2490.52979      -2119.69458      -2692.05469       141.265991    
  -3702.96875      -1606.42212      -3286.88037       145.630463    
  -2550.04395      -2129.96851      -3571.81226       78.1834717    
  -2322.88184      -2011.99756      -2773.55005       74.0106583    
  -2300.33887      -2242.28784      -2901.25977       65.2180328    
  -3605.72021      -1667.45325      -2762.50049       168.442215    
  -3579.70459      -2321.02368      -3467.70874       135.748154    
  -3642.46289      -1868.67542      -2665.92871       57.7677422    
  -3118.25391      -1437.88782      -3782.84961       178.867111    
  -3487.12646      -1592.18030      -2553.04639       83.7430344    
  -2637.32910      -1172.44434      -2912.41260       48.4263344    
  -3242.63721      -1725.55762      -3918.57349       162.653976    
  -3652.20508      -1871.54834      -2550.52710       58.0697594    
  -3302.82959      -1482.10034      -2426.37207       165.518250    
  -3759.75098      -1403.45898      -3162.80322       98.9449692    
  -3768.67773      -1632.76562      -3532.04321       109.558319    
  -2951.13281      -1035.08130      -2814.31079       174.652161    
  -2201.76221      -1944.34570      -2681.19434       92.6579132    
  -2591.65039      -1024.18958      -2924.81958       107.204819    
  -3659.91162      -1830.05957      -2412.22681       86.5469284    
  -3266.06689      -1242.33984      -3778.72827       66.2992249    
  -3638.29346      -1993.24670      -2375.60815       82.0941315    
   265.677948      -2435.14941      -6480.76514       90.9944992    
   229.074982      -2314.10498      -6637.50684       110.411011    
   205.992340      -2606.06885      -6494.06104       90.5347366    
   62.9559326      -2264.24561      -6515.91309       101.413811    
   323.607086      -2440.06934      -6806.88623       120.862289    
   14.6101532      -2350.47070      -6787.75000       153.957718    
   408.547180      -2265.68359      -6803.27344       73.1425400    
   227.073639      -2317.74341      -6946.30176       88.2377396    
   12.6101837      -2445.66382      -6996.25586       75.2595367    
  -176.729965      -2388.72485      -6966.75342       110.828674    
   356.687469      -2566.41382      -6343.13086       119.850220    
  -173.067154      -2200.94922      -6942.17725       78.5791931    
  -253.673508      -2542.77539      -6971.95117       61.4511833    
  -317.983643      -2304.02148      -6899.83789       66.9496613    
  -233.423767      -2754.72705      -6911.65332       159.836472    
  -264.021729      -2075.07007      -6879.85303       88.7685928    
   213.624146      -2599.31787      -6163.16895       112.389496    
  -250.879974      -1961.88770      -6692.07666       130.861267    
   641.052307      -2289.12769      -6790.62109       160.885101    
  -237.395950      -2114.02075      -7013.03271       50.7082939    
  -172.824768      -2564.25049      -7148.69238       134.089752    
  -449.288177      -2324.77344      -6852.82275       74.0498505    
   846.475891      -2301.23706      -6899.36475       71.8609390    
  -185.250748      -1816.88049      -6848.96680       92.6291122    
  -373.042267      -2063.76050      -7101.15332       118.673431    
   159.794250      -2424.59692      -6102.52100       80.2348862    
  -121.198769      -1840.01770      -7152.97266       218.911331    
   458.527649      -2413.97827      -6095.58252       188.183594    
   171.136658      -2796.60815      -6136.28174       91.2112350    
   339.844910      -2738.36719      -6092.73926       88.1762009    
  -440.951233      -1896.96301      -6849.06348       124.056244    
   436.858582      -2650.82788      -6132.78760       48.4945679    
  -401.778534      -1661.51343      -6756.56055       131.927200    
   456.638245      -2838.26270      -6262.03809       140.476410    
   628.108459      -2227.97803      -6093.75879       63.5254250    
  -407.865540      -1931.82251      -7263.53760       93.4310455    
  -287.722626      -2638.33716      -7373.27051       128.836029    
  -278.344910      -1520.17725      -6825.08838       67.8387604    
  -547.330444      -1682.46655      -6880.85791       60.6280746    
   579.523682      -2673.05322      -6124.29541       96.1454468    
  -639.990845      -2004.72058      -7145.88574       158.367462    
   358.355988      -2640.88452      -5937.68555       95.9103699    
  -500.942383      -1646.86731      -6968.57715       44.7970695    
   153.873260      -2734.65405      -5885.01660       135.130936    
   340.030518      -2990.40869      -6126.57080       94.2498245    
   783.399963      -2683.23877      -6109.13477       108.545349    
  -608.375183      -2217.95947      -7249.62305       80.8624039    
   596.138855      -3013.84644      -6206.51904       90.5475159    
  -688.497864      -1855.42700      -6943.58545       97.6976242    
  -375.297791      -1466.43555      -6598.21973       120.714630    
  -431.507965      -2847.71094      -5314.43750       94.7795181    
  -549.860779      -2982.50488      -5452.79248       131.753708    
  -291.721558      -2808.60083      -5350.59326       54.8129005    
  -349.427124      -2725.76587      -5169.49170       111.661377    
  -426.528168      -2906.48291      -5635.88037       101.712837    
  -348.876526      -2543.20093      -5175.12500       70.9966507    
  -732.743652      -2988.35547      -5320.48145       94.0588989    
  -228.409744      -2449.50732      -5270.23389       108.825340    
  -773.739990      -2879.50781      -5441.74316       73.9685287    
  -143.466187      -2492.78833      -5435.58691       82.0390320    
  -301.890930      -3166.34082      -5440.51270       177.165527    
  -883.832520      -2927.21948      -5298.29639       70.4370956    
  -320.311737      -2307.77222      -5284.54443       60.6988449    
  -653.469116      -3104.05322      -5704.48633       166.329269    
  -906.076538      -3010.84912      -5531.90186       133.135834    
  -332.113892      -2280.58813      -5467.25000       124.389137    
  -1018.03711      -2758.23755      -5396.25537       166.547958    
  -463.604767      -2207.06079      -5297.97803       102.217758    
  -922.072510      -2919.43115      -5728.57666       84.3319778    
  -174.210419      -2597.10840      -5135.49316       98.2534561    
  -7.80149078      -2626.54346      -5530.85791       130.959412    
  -106.516304      -3251.61084      -5349.69336       54.5431023    
   44.5430908      -2469.97095      -5663.73730       80.9696503    
  -1157.35461      -2860.70557      -5246.99512       61.9083595    
  -318.632263      -2291.97974      -5060.21338       164.189331    
  -631.270142      -3381.67700      -5808.66309       131.030258    
  -94.5596771      -3373.28979      -5376.98438       70.7288971    
  -13.0628281      -2418.96265      -5816.77930       90.3305664    
  -183.738342      -2195.07886      -5250.48877       88.3709869    
   15.7011108      -2274.34180      -5623.68262       120.785316    
  -165.768402      -3485.07275      -5380.50635       61.8569870    
  -387.618805      -2167.89722      -5752.31494       187.124542    
  -666.625244      -3489.29639      -5991.83936       84.3445740    
  -108.310959      -2150.89014      -5585.00635       58.4236679    
  -68.6682587      -2405.60742      -6054.34912       154.020462    
  -34.4838257      -2179.91284      -5223.21631       64.1044540    
  -224.242828      -2298.63232      -6149.56738       57.4407806    
  -845.554932      -3346.07568      -6093.46924       166.360718    
  -248.711395      -2400.97485      -4828.02783       101.676872    
  -408.128174      -2057.95386      -5168.99512       102.590561    
  -1277.36536      -3086.67163      -5373.31250       223.436066    
  -131.383286      -2454.92896      -6294.95605       99.4756470    
  -1347.36255      -2809.98560      -5467.00000       76.9522476    
  -626.816406      -3483.58545      -6206.37793       115.602074    
  -1372.98523      -2773.85693      -5637.29297       99.0085983    
  -454.785858      -2185.33325      -4880.59277       85.1669922    
  -566.657593      -3402.51758      -6331.83691       45.4291115    
  -1398.77209      -2640.64087      -5316.17090       155.572006    
  -236.822662      -2099.68750      -6162.11963       142.296082    
  -495.144440      -3659.46411      -6121.51318       119.909416    
   1058.62512      -2778.19336      -5345.61084       93.6690826    
   880.779663      -2870.68213      -5324.33008       107.912651    
   1239.70935      -2949.94897      -5338.15332       156.027145    
   742.083801      -2900.22876      -5140.14307       124.536720    
   1146.73999      -2631.79541      -5456.90967       110.253235    
   616.403442      -2759.92529      -5050.13086       84.2358551    
   1252.03845      -2670.37793      -5165.36719       172.861176    
   1185.33447      -3162.81055      -5358.18164       64.5781784    
   1190.14221      -2640.86182      -4916.46484       85.3271942    
   523.374146      -2972.61621      -5299.82666       155.766922    
   1432.23511      -2914.03613      -5056.10107       149.288589    
   1181.51062      -2602.86084      -5645.47412       83.6585541    
   1495.00085      -3129.70361      -5031.03223       76.7219315    
   1367.89221      -2566.95190      -5576.51660       118.284904    
   1624.21729      -2799.06177      -5015.07861       78.2169189    
   1607.04504      -2675.90063      -5466.43799       166.638351    
   1105.90076      -2613.98169      -5828.36768       114.554977    
   1725.72095      -2970.12817      -5352.76758       170.373596    
   508.686401      -2898.22339      -5504.56445       62.5607262    
   1086.49976      -2481.72607      -5920.89551       48.0194092    
   1386.97644      -3306.54517      -5016.33789       131.018646    
   1692.89343      -3017.17651      -5087.20068       101.323128    
   1551.46924      -3432.31445      -5231.39404       167.522583    
   1681.87476      -2920.51489      -4905.23047       95.4012070    
   1232.23401      -2507.36426      -5932.83887       81.0011902    
   992.724609      -2400.03931      -5947.98438       79.2599030    
   1591.22363      -2914.82642      -4740.05371       93.0991669    
   1042.74927      -2209.96680      -5905.89404       121.743477    
   1629.80359      -3165.02344      -4831.75439       165.165085    
   1020.01770      -2485.25000      -6169.21729       159.375793    
   1780.53894      -2729.10376      -4872.33057       122.444580    
   1586.19421      -3441.91528      -4788.77393       118.415627    
   1124.25269      -2745.48267      -6208.18213       123.645294    
   1309.46045      -3572.55371      -4746.93701       190.455048    
   1802.70325      -3113.18433      -4622.50439       111.184502    
   778.891418      -2373.55688      -6011.70361       145.435211    
   1311.94910      -2480.45093      -6188.65283       133.238052    
   1260.46509      -3453.87012      -4516.16309       73.6331787    
   1528.06079      -2589.12402      -6175.40332       109.025970    
   1596.98975      -3666.66650      -4809.80371       107.574150    
   683.740906      -2540.01074      -6098.47510       65.0089111    
   1286.80310      -2772.25586      -6304.52441       67.1938324    
   159.947906      -2949.79858      -5261.50195       210.387848    
   1716.92249      -3494.22949      -4625.43506       97.2299652    
   1172.02332      -1956.07849      -5795.45215       183.818130    
   1478.44910      -2699.30371      -6354.52881       107.044960    
   1955.95422      -3453.35425      -4794.66797       198.483215    
   170.800964      -2854.68750      -4992.75830       74.8997726    
   1971.20935      -3664.67896      -5134.66113       202.114578    
   1645.85828      -3870.87256      -4983.19287       164.738464    
   2346.69922      -2192.19189      -6000.97705       67.3567810    
   2286.95264      -2040.22729      -6071.75342       110.611320    
   2517.51953      -2250.16772      -6060.21680       122.519447    
   2091.14453      -2031.85913      -6067.11572       85.4323502    
   2503.50293      -2098.13037      -5866.04834       124.492218    
   2011.04431      -2120.76807      -6220.46533       109.092964    
   2440.77246      -2398.02271      -6010.22656       51.4118118    
   2474.79688      -2395.56299      -6180.72656       71.0943146    
   1959.64124      -2245.15527      -6330.13086       64.5102158    
   2627.69238      -2186.02466      -6184.30566       55.3871231    
   1912.93250      -2116.91870      -6418.95654       98.3285217    
   2363.23877      -2215.64331      -5753.27393       90.4596481    
   2364.06152      -2604.36060      -6255.87256       176.905792    
   2459.62842      -2408.63818      -5820.79492       135.592621    
   1927.26660      -2014.18018      -6557.45020       74.7082367    
   2641.34570      -1957.05420      -5962.22363       94.9287262    
   1704.89478      -2242.28735      -6236.72949       205.312683    
   1835.68140      -2256.67529      -6577.38965       126.612602    
   1890.09326      -2078.73828      -6719.58447       103.718887    
   2564.82422      -2433.80908      -6267.46387       59.6442451    
   1485.58130      -2061.67651      -6277.82031       81.7618942    
   2298.57129      -2309.19507      -5873.91650       61.0010452    
   1554.13245      -2375.50439      -5980.08887       120.791985    
   2613.17090      -2340.24438      -6476.17188       174.123154    
   2406.79688      -2545.88428      -5934.68945       50.4111366    
   2715.82373      -2033.98572      -6247.08350       131.217468    
   1494.11584      -2449.24585      -6360.53857       114.988037    
   2431.71973      -2755.51367      -6085.37744       60.7803116    
   2517.20947      -2770.31470      -6453.59766       123.246635    
   2245.64844      -2866.77856      -6070.71191       156.513901    
   2225.56250      -2187.83521      -5581.50098       131.425583    
   1481.81677      -1882.96240      -6341.26758       107.917763    
   1376.71069      -2310.97583      -6295.96436       77.5496750    
   2504.39893      -2848.96094      -6007.19629       81.0927658    
   2161.41113      -2992.26245      -6255.97754       82.5790558    
   2907.84814      -2042.55688      -6163.24756       78.4709854    
   2826.91943      -1881.03711      -5949.68848       106.003609    
   2145.10693      -2278.87598      -5385.85107       98.8802643    
   2650.13965      -2755.33936      -6556.34180       45.4269600    
   1301.06323      -2176.16138      -6213.62793       97.5998306    
   2021.62341      -3062.62427      -6170.16699       95.8931656    
   2005.00696      -2355.42407      -5337.08789       68.0567780    
   1857.37207      -3056.08716      -6114.19385       77.7667313    
   1649.83716      -2048.09497      -6861.53809       177.024857    
   2668.96240      -2723.34741      -6656.89941       61.7607956    
   1331.01562      -2562.91504      -6397.09326       87.1464310    
   2705.63086      -1661.87854      -5815.09619       178.348663    
   3002.75635      -1931.84717      -6009.34521       86.5153732    
   2919.45557      -1717.77942      -6016.68896       93.2572556    
   1474.81165      -1938.45557      -6724.69141       70.7329254    
   430.589905      -610.533325      -3571.28809       132.790070    
   604.648804      -648.033447      -3453.06787       80.9356766    
   416.232666      -843.059692      -3524.04346       104.916550    
   273.772552      -523.876099      -3572.51074       46.3845787    
   456.822449      -1016.50037      -3450.24829       87.8934860    
   661.543396      -472.266357      -3436.99756       104.500923    
   321.026886      -973.188110      -3319.63428       105.443680    
   202.128815      -408.718872      -3633.72266       102.413979    
   512.895386      -1060.35303      -3630.01611       105.454956    
   529.244934      -1094.22351      -3297.57910       98.0986176    
   598.087891      -546.291870      -3156.67798       192.292480    
   696.240112      -1104.73083      -3229.22412       82.6528473    
   457.461609      -1218.47827      -3262.04639       49.7426300    
   409.858643      -1184.18433      -3762.05737       102.836418    
   171.818481      -314.919067      -3477.25513       82.5181808    
   576.870361      -1282.12524      -3591.54443       128.544449    
   355.518127      -1313.67456      -3647.54663       78.3659897    
   301.404449      -228.423828      -3653.49390       104.355560    
   655.673035      -1270.54065      -3348.42456       124.747147    
   70.3695984      -488.738403      -3550.46484       72.7846375    
   153.690735      -512.865112      -3806.93896       105.418434    
   255.452545      -260.441284      -3313.65039       109.137810    
   849.916687      -435.932617      -3125.67505       84.3997650    
   790.472351      -1429.29382      -3337.82861       83.7815094    
  -73.6028442      -452.398926      -3519.74683       78.8436737    
   60.3665619      -324.595459      -3739.59570       93.4952240    
  -236.116425      -500.405640      -3516.44873       90.6513214    
   418.669495      -65.5405273      -3595.53467       104.557823    
  -320.615265      -612.618896      -3446.84790       66.1143417    
  -57.1229172      -308.636108      -3900.60596       106.465660    
   802.135681      -223.673584      -3133.26562       133.301971    
   415.747864       23.2790527      -3807.12598       124.939682    
   495.575378       131.240723      -3561.79712       109.394798    
   526.713135      -1464.95312      -3361.42041       108.903625    
   600.512756      -1406.73218      -3130.33911       138.216537    
  -330.297943      -402.590576      -3388.06641       96.2154160    
   326.771881      -1496.75439      -3633.65552       107.483994    
   644.354431       149.929932      -3618.94873       51.0750961    
  -255.613678      -197.222290      -3268.82764       152.730667    
  -402.350372      -542.274170      -3273.75146       98.1333542    
  -205.118607      -296.923706      -3970.53540       57.6303787    
  -335.352844      -184.393677      -3504.60107       96.4965668    
   771.664429       170.892578      -3719.79736       112.690910    
  -191.906448       46.8476562      -3273.33594       99.5624466    
   406.552979      -1461.23572      -3039.84814       82.6403961    
   546.853516       192.759277      -3806.95068       89.3418732    
   417.576904       101.307129      -4030.33130       111.524010    
   20.7652740       221.188232      -3280.96240       175.546036    
  -477.965759      -274.747192      -3671.84155       141.138824    
   925.700317      -1398.02563      -3176.13281       129.307968    
   991.212036       408.606934      -2891.13525       50.2632484    
   1093.08850       519.385254      -2940.08057       107.995903    
   1095.71655       488.983154      -3188.06567       141.855438    
   922.776855       277.783203      -2809.82422       118.292114    
   1075.19580       722.132568      -2908.13867       98.0356827    
   800.326050       480.921143      -3153.75586       155.631088    
   1001.07642       315.177002      -2612.40942       97.3493271    
   815.328613       272.457520      -2631.37158       90.0704727    
   1166.82349       317.526855      -3255.85059       55.7545738    
   621.362488       583.146240      -3101.70361       56.9301529    
   1229.14685       418.874512      -3367.72607       92.6705322    
   508.778198       453.275146      -3163.31055       125.654625    
   539.095520       701.518799      -3073.69629       89.9374695    
   525.018066       154.657227      -3108.69775       178.356903    
   1389.39709       485.216553      -3266.27222       108.271202    
   1149.45740       923.008545      -2980.81396       128.155365    
   1478.40320       293.959717      -3210.01880       110.049797    
   1190.08655       204.938477      -2549.93115       130.202774    
   615.370972       112.656494      -3337.74951       71.4180374    
   1332.89148       305.899902      -3489.70654       103.291252    
   1476.33032       270.859131      -3031.21509       70.2541885    
   622.209656       841.771240      -3182.25488       105.925491    
   336.261902       612.048340      -3098.63037       117.559219    
   1561.88940       204.248291      -2963.01147       57.8508720    
   463.412109       742.869873      -2887.06543       115.651154    
   1205.52783      -13.6472168      -2555.57690       88.9980469    
   1619.07947       324.307129      -2795.30176       156.170807    
   555.346130       899.106934      -2989.65747       92.6438293    
   1671.24048       141.257080      -3066.91162       105.609703    
   512.421143       830.587891      -3360.59375       103.795685    
   1583.50439       171.233398      -2637.30273       66.6811676    
   1794.20312       56.2612305      -2971.67603       71.6354523    
   1697.37720       252.732422      -2502.30176       127.822510    
   361.213287       1.42700195      -3197.39648       62.8409386    
   387.587921       551.639648      -3340.28906       110.321335    
   1104.63098       1090.61816      -2773.57300       142.115204    
   1764.53503      -132.683350      -2895.30225       134.303101    
   1882.03455       212.550781      -2793.14526       129.542679    
   1748.43347       448.414062      -2445.45703       82.2430420    
   1733.24463       18.0324707      -2463.12988       112.814224    
   1948.73279       60.9587402      -2990.29443       84.0815277    
   1947.22668       404.305176      -2702.65234       92.2827072    
   2031.14783       371.467285      -2881.59668       105.649498    
   344.804932       641.833008      -2789.17383       68.3547211    
   2089.59717       206.957031      -2883.47144       68.9464645    
   398.592346       382.090820      -3379.21313       63.9784622    
   2142.96631       153.609131      -2995.95288       66.4976501    
   435.611084      -8.64135742      -3371.73755       126.975929    
   2169.92188       261.925293      -2792.23438       64.4722595    
   2028.43225       418.859619      -2427.79565       194.688293    
   1250.68530      -1971.39050      -4358.36621       59.3699989    
   1339.78271      -2084.78955      -4566.35889       193.723587    
   1424.66895      -1938.18860      -4264.92432       140.891388    
   1460.56152      -2139.37524      -4110.18799       115.439209    
   1074.99268      -2014.95813      -4470.28613       96.4797592    
   1707.97412      -1867.41638      -4288.87061       152.105255    
   1574.04651      -2200.75488      -4629.35254       75.1520386    
   1680.15588      -1871.23926      -4005.54712       132.610535    
   1556.01807      -2343.75928      -4547.61865       90.5401230    
   1425.24756      -2167.18018      -4801.47705       69.6685638    
   1489.74524      -1711.64648      -4022.30811       116.394295    
   1493.41492      -2259.62427      -4813.85156       45.8569832    
   1292.02710      -1620.66528      -4018.05981       101.301384    
   1428.48157      -2442.63647      -4713.41406       140.811386    
   2011.17761      -1893.68152      -4231.60254       157.577499    
   893.956787      -2091.89282      -4467.27246       100.254646    
   1367.27515      -1631.88928      -3877.53101       58.4965477    
   1184.09668      -1519.18188      -4059.98950       52.6627960    
   1773.19800      -1682.36121      -3839.93945       135.259659    
   1361.34265      -2432.77100      -4474.85938       107.191872    
   1780.14355      -2155.66260      -4745.01416       165.450546    
   1806.01575      -1556.88916      -3662.95581       84.1591415    
   1298.30505      -2134.28418      -4857.85498       73.0842438    
   1177.03748      -1561.13184      -3740.35791       186.480759    
   1204.51025      -2534.74707      -4418.24951       88.2457886    
   1366.94250      -2227.81494      -4909.85059       54.0588493    
   1516.75916      -1499.17468      -3650.71631       170.285080    
   1192.63525      -2655.71338      -4169.83838       188.314529    
   1017.62048      -2478.82788      -4639.80322       206.958939    
   992.452759      -1737.92261      -3669.60181       78.7247925    
   1424.81714      -1743.45947      -3460.20557       152.859482    
   1526.56628      -2166.61426      -4961.45654       119.697891    
   1408.72412      -2723.20020      -4509.75000       189.137878    
   1836.51172      -1302.96558      -3684.80908       172.520950    
   1130.82202      -2697.34473      -4473.12012       90.2667313    
   818.657410      -2495.56494      -4454.08789       65.7286148    
   1099.81714      -2757.00000      -3919.76514       97.0175476    
   2016.50574      -1440.15625      -3606.31787       67.0246048    
   1668.97327      -1255.69727      -3523.45410       64.8402481    
   1002.25500      -1633.33618      -3399.04517       203.733948    
   2132.66992      -1362.27515      -3700.76709       101.730133    
   947.091553      -2710.45142      -4380.46240       115.924545    
   978.751587      -2817.22876      -4020.86353       71.8131866    
   2029.55579      -1477.05396      -3472.32666       72.5611038    
   992.649414      -1310.65771      -3537.02344       147.345795    
   1685.61755      -2205.70215      -5063.14209       73.0900879    
   640.534302      -2348.47705      -4600.83008       193.923370    
   1257.51428      -2965.63550      -4032.53662       156.809357    
   1558.64563      -2546.91113      -4991.40820       183.390335    
   1701.32092      -1148.55945      -3513.75903       47.5006409    
   2061.01172      -1530.95142      -2712.67139       115.409157    
   2180.66992      -1517.05286      -2973.16992       171.595535    
   1896.44934      -1537.42664      -2830.45312       87.0676270    
   1867.47839      -1593.23450      -3067.86475       158.516571    
   1933.64563      -1766.62903      -2674.71069       155.141235    
   2226.03662      -1679.28857      -2665.84497       111.362717    
   1747.91541      -1836.32043      -2745.11475       55.3567696    
   1926.84631      -1435.76501      -2486.61499       164.164398    
   2375.33203      -1737.69385      -2700.22754       52.6007843    
   1659.50330      -1751.27979      -2657.09863       95.6246948    
   2415.50049      -1419.99500      -2958.68848       82.9216385    
   1960.12488      -1734.79529      -3257.25195       95.4380112    
   1604.39490      -1827.31897      -2788.58032       65.9595642    
   1672.89990      -1693.03088      -2453.39795       116.656586    
   2066.19580      -1592.01318      -3344.95752       102.880737    
   2024.15735      -1136.66858      -2487.68848       150.362701    
   1481.35608      -1740.95667      -2830.39331       90.0691223    
   1752.23621      -1851.08716      -2348.76660       88.8382111    
   2497.75146      -1332.98486      -3041.99658       62.9416237    
   1560.45422      -1598.42810      -2760.34375       87.3538818    
   1679.42419      -1936.28015      -2778.24707       66.7395554    
   2260.01514      -1215.32593      -2308.30298       156.213898    
   1440.16602      -1588.83936      -2960.90869       114.552452    
   1566.49951      -1952.89868      -3019.06763       199.236389    
   1358.61292      -1546.75500      -2795.96436       74.1922607    
   1498.44946      -1926.38586      -2529.10278       174.530441    
   1273.36084      -1498.35840      -2979.13818       76.0823212    
   1941.24084      -941.356567      -2476.07178       62.1367264    
   2138.54395      -908.243286      -2502.98071       105.553780    
   1199.86230      -1602.11450      -2841.43774       99.9739151    
   1898.04077      -923.921875      -2366.27881       57.1249886    
   1243.62866      -1780.98157      -2967.73975       123.315620    
   1116.36328      -1487.85938      -2738.44971       75.0433884    
   2220.50098      -1682.83545      -3494.24268       130.242676    
   1122.34106      -1350.49023      -2588.69531       128.270386    
   1109.41553      -1558.83850      -3002.63770       89.8583450    
   2302.40088      -1864.07043      -3429.09497       79.0365143    
   1146.34973      -1176.15076      -2473.29761       82.1737976    
   1595.53198      -2188.31323      -3192.87500       94.8275681    
   1019.73145      -1665.91418      -2658.95703       142.578857    
   1091.85938      -1325.23389      -2328.88013       132.422592    
   1667.66907      -2150.58203      -3348.44409       80.7503815    
   937.756226      -1560.54810      -2795.37549       48.3017578    
   2193.43408      -1933.46350      -3544.53760       94.2109299    
   1923.05054      -2244.87183      -3366.63965       192.082947    
   2386.72998      -2015.02051      -3476.31665       100.204552    
   976.799194      -1582.08887      -2451.68604       85.0895767    
   1558.60205      -2191.12891      -3501.95117       111.871002    
   1005.39978      -1635.78687      -2301.48120       76.9612961    
   883.159546      -1292.77881      -2749.46338       165.644135    
