  -415.399658      -3485.28271      -1762.20093       117.016731    
  -360.001709      -3562.49341      -1957.88745       100.523468    
  -283.620361      -3295.24023      -1746.76404       114.759430    
  -673.462036      -3371.76367      -1785.86938       165.901138    
  -256.461670      -3720.14453      -1978.83496       89.2484283    
  -771.741211      -3533.18506      -1510.92859       167.727722    
  -362.663818      -3763.02734      -2105.82593       81.7623291    
  -134.185059      -3654.80005      -2096.37305       92.5122528    
  -704.677124      -3400.76416      -1302.42029       88.2184525    
  -1059.04614      -3467.08203      -1573.23438       133.595657    
  -1183.31641      -3474.78735      -1725.18677       62.8517990    
  -1198.58875      -3587.62036      -1517.43921       59.0584755    
  -1263.82642      -3417.58447      -1535.25232       80.4778824    
  -1345.58875      -3711.36792      -1524.08325       133.206573    
  -1378.88452      -3264.65283      -1448.28894       129.733780    
  -1500.90991      -3756.36279      -1403.89062       68.2776794    
  -1610.17188      -3680.94189      -1421.31702       65.6238861    
  -1579.25293      -3906.86914      -1460.94458       110.734047    
  -161.182373      -3552.97559      -2229.67773       77.3894348    
  -1832.22107      -3942.24854      -1456.17603       144.739548    
   47.4907227      -3478.17896      -1991.59033       181.678696    
  -1815.25049      -4132.76660      -1361.35242       68.7462692    
  -50.9033203      -3595.10400      -2350.58716       91.5948105    
   187.426270      -3668.47852      -2114.67627       84.6780548    
  -1812.29517      -4264.66553      -1474.67395       105.171623    
  -1912.21057      -4018.95215      -1244.28882       94.3793030    
   196.258301      -3877.16553      -2012.85181       147.692703    
   253.875977      -3532.29492      -2100.00269       57.6462860    
  -2066.02832      -3830.55859      -1598.78711       151.027740    
  -1966.03723      -4179.28906      -1356.83826       89.1180649    
   410.656738      -3955.27393      -2121.15234       104.887436    
  -1859.29688      -4355.37744      -1222.13916       156.940720    
  -2234.18164      -3981.02539      -1582.85803       75.1804276    
  -1736.89807      -4600.20947      -1021.95435       182.172180    
  -1990.95972      -4581.00049      -1299.91089       115.619827    
  -2372.56714      -3919.15869      -1539.29004       82.5424042    
  -1885.21436      -4820.12305      -1176.43396       124.786987    
  -2152.78809      -4652.13086      -1193.20300       90.8628616    
  -1725.31445      -5044.95605      -1134.73926       154.241440    
   407.617432      -3878.45020      -2284.38159       75.5429535    
  -2266.87402      -4686.70020      -1366.30505       119.313522    
  -1552.46802      -5211.71436      -1101.31421       88.2490005    
  -1781.97302      -5226.87891      -1032.98364       61.7693176    
   437.303711      -3708.38574      -2315.51831       99.8799515    
   570.691406      -3850.11816      -2097.66895       88.0387726    
   441.319580      -3935.50928      -2489.06396       139.600510    
   655.893799      -4077.58447      -2010.00769       170.196198    
  -1860.40112      -5316.42969      -902.629761       114.756920    
   468.999756      -4226.85693      -2543.97729       158.165588    
   660.647461      -4203.34863      -2269.62183       118.315361    
   702.496582      -2313.61255      -2614.78491       90.1727524    
   764.846436      -2253.15332      -2492.63062       59.7082329    
   556.657471      -2531.44165      -2637.87500       172.984940    
   844.064697      -2168.32910      -2540.96680       66.0199280    
   291.142822      -2501.08545      -2671.88818       96.4146042    
   396.935547      -2768.05518      -2610.24707       113.825317    
   803.367188      -2013.83020      -2557.03223       94.5541000    
   424.833984      -2915.84058      -2555.82593       46.1132812    
   1048.44897      -2139.77588      -2526.05591       140.886505    
   943.175781      -1919.53687      -2555.87402       74.0848923    
   1058.78174      -1943.46045      -2374.04883       107.615509    
   937.038818      -1765.62891      -2556.84814       79.9491577    
   1041.89380      -1865.03149      -2206.03662       78.5683060    
   1273.02905      -1854.13257      -2367.87207       124.591843    
   1152.24634      -1733.44617      -2209.44263       93.1977921    
   1494.77832      -1844.02539      -2366.42822       97.3917999    
   1199.85645      -1551.86267      -2131.39355       110.102097    
   1656.58838      -1916.27686      -2502.86304       126.251984    
   1316.62915      -1333.30212      -2186.15967       143.677399    
   297.908936      -2859.51489      -2521.98706       47.2982445    
   1383.76196      -1348.49243      -1987.11987       66.9266434    
   450.364746      -3051.61963      -2670.15820       133.216827    
   1575.71167      -1299.14856      -2160.86182       118.866837    
   459.342529      -2998.75977      -2882.65112       85.9361191    
   160.539795      -2906.88232      -2521.79614       98.0076447    
   1474.63184      -1116.35962      -2075.42725       106.806145    
   72.1049805      -2789.19971      -2400.60938       92.6647034    
   25.1020508      -2782.22778      -2655.32715       129.396255    
   304.360107      -3228.04810      -2695.80151       97.2222977    
   1329.16284      -982.103455      -2152.55713       105.643951    
   1788.62744      -1271.33386      -2044.93921       125.151047    
   1619.17651      -1025.25122      -2170.27393       88.6171494    
   1511.64404      -1070.74805      -1821.86511       153.470001    
   386.357178      -3408.77124      -2540.67627       154.666519    
   1216.40967      -964.216492      -1734.51440       172.323502    
   1632.57373      -1198.04907      -1592.99500       134.994690    
   997.378418      -864.457214      -1587.25537       109.831688    
   270.220215      -3306.50977      -2845.55225       75.2509155    
   1410.64453      -820.221436      -1651.90344       83.1899490    
   77.0356445      -3295.41797      -2644.61108       145.338333    
   301.867188      -3387.46387      -3017.45679       117.378952    
   1087.30957      -689.071167      -1676.68347       106.605194    
   292.681152      -3258.65869      -3146.99707       65.5316925    
   255.907715      -3542.12207      -2708.60400       96.3297882    
   465.028320      -3557.10986      -2997.46533       118.842995    
   476.920654      -3694.14062      -2684.48828       172.997467    
   1433.28442      -835.447144      -1373.64990       196.398773    
   219.452637      -3665.16846      -2616.82812       61.4429550    
   314.361816      -3631.34131      -3004.12451       49.2502823    
   1777.88037      -1028.41345      -1312.07507       203.318481    
   1645.23193       68.2583008      -6480.22217       104.714325    
   1472.08105       104.806641      -6382.43457       97.4974518    
   1504.77734       21.3721924      -6688.92725       151.169281    
   1819.86230       66.4678955      -6630.37793       125.595428    
   1437.78076       306.446045      -6340.81396       111.225044    
   1397.60278      -183.578613      -6784.97266       99.2627258    
   1490.92383       191.290283      -6176.13086       96.6525116    
   1188.21216      -326.273926      -6895.90381       177.345901    
   1537.68896       395.178101      -6481.21680       82.5596924    
   1635.96362       287.283813      -6214.56445       81.4753799    
   1460.38037       162.269897      -6012.56885       72.2480011    
   1720.18066       433.192017      -6167.87842       93.3363342    
   1369.19141       110.064087      -5883.39600       94.2609634    
   1182.44312      -538.093018      -7069.12354       96.3479080    
   1839.87305       470.858276      -6034.91992       89.4810638    
   959.353271      -340.271851      -7031.53809       89.0454330    
   1161.78198      -418.626343      -7217.46924       95.2424088    
   1124.30322      -686.504395      -6998.29102       78.0626678    
   1670.15576       521.533081      -6042.40039       68.0788651    
   1440.08960       150.235352      -5655.78809       147.484512    
   1833.12158       527.766479      -5890.65527       65.7407608    
   1389.14380       384.436890      -5613.60352       95.8878479    
   1643.51440       45.5164795      -5496.81641       131.113419    
   1423.70703       551.360229      -5563.00195       81.9013443    
   1805.93359       620.517212      -5663.76953       180.878479    
   1956.58203       83.9124756      -5444.88770       188.547165    
   1967.19336       498.693970      -5447.76172       114.919556    
   1018.64478      -512.514160      -7364.40625       130.351578    
   1563.29736       543.348267      -5407.24219       127.419136    
   874.981689      -530.070312      -7494.60205       64.3246613    
   1773.62744       456.797974      -5327.68506       113.528740    
   2064.22998       393.182007      -5363.73926       51.2384758    
   2081.02783       596.013794      -5338.47949       70.4964142    
   967.726807      -440.157715      -7558.18311       79.6472321    
   2073.03174       415.752808      -5206.71094       107.664406    
   1088.05225      -487.856201      -7647.12744       77.3989868    
   2053.19043       118.253784      -5111.97559       159.776291    
   2110.08594       586.942017      -5214.97461       56.7113953    
   2291.73682       111.577515      -5117.93848       78.9388657    
   857.684814      -421.282471      -7670.25830       78.5490952    
   1971.84912      -19.0861816      -4935.57666       78.1246109    
   2255.10938       641.569702      -5220.57324       98.3587112    
   2539.28711       244.977051      -5114.65430       202.272491    
   954.825195      -606.948486      -7612.69043       96.3031387    
   2434.69629       399.515991      -4936.70264       55.5826378    
   744.352783      -767.621704      -7444.28223       211.411377    
   1064.96777      -775.502869      -7714.00146       129.098923    
   732.000488      -341.354126      -7762.10596       96.4236526    
   933.867432      -419.865967      -7872.70312       137.758560    
   1138.72485      -1000.01324      -7726.50293       107.542053    
   1794.76904      -375.654053      -3545.55273       85.9751663    
   1647.25049      -586.286499      -3377.96484       220.970703    
   1821.66260      -323.664185      -3413.59009       58.3791122    
   1352.57910      -634.994995      -3427.93018       81.8491364    
   1679.37012      -878.265930      -3191.02368       127.210220    
   1780.18115      -230.480347      -3325.84448       76.1752777    
   1239.93921      -766.347778      -3245.76025       169.403885    
   1669.92627      -1037.42480      -3085.18042       64.1688919    
   1832.84814      -478.607056      -3743.69019       140.553543    
   1806.11523      -266.453857      -3756.03296       73.6405945    
   1786.28760      -2.91540527      -3422.28418       171.049469    
   1992.63428      -224.475098      -3799.09595       122.336052    
   1743.52881       47.4150391      -3696.84229       111.369965    
   2006.88818      -76.1789551      -3903.92871       59.8303299    
   1665.10327       220.949951      -3735.91260       83.0180435    
   2131.08496      -4.96984863      -4008.06909       117.200508    
   971.510010      -945.544739      -3235.17261       153.516006    
   2172.96143      -106.038940      -4176.83105       83.9209137    
   1258.86304      -896.159668      -3034.38501       79.3832397    
   1101.63721      -1109.30261      -3377.77051       99.6323929    
   1161.40088      -1059.83716      -3021.51636       111.534584    
   2283.00000       49.3914795      -4328.22949       159.365387    
   1043.76758      -829.260376      -2850.01050       198.977203    
   1078.84839      -1224.47729      -3015.43921       72.7389374    
   2472.81250       18.6219482      -4220.33789       61.1520958    
   782.224609      -992.080444      -3028.69653       130.430130    
   2443.99512       127.325317      -4115.95410       92.2882385    
   995.525391      -1192.81104      -2761.79785       178.210220    
   2276.80029       233.973022      -4111.88623       106.073967    
   2593.12744      -9.88549805      -4024.76123       129.943497    
   2345.58887      -191.461548      -4458.99805       121.758484    
   2593.59961      -95.1828613      -4248.47412       107.169044    
   2189.10547      -63.6596680      -4689.70361       184.920197    
   763.712646      -1234.49829      -2768.68140       57.4397507    
   994.195557      -1357.24243      -2583.86938       64.0755615    
   2418.68652      -149.671997      -4642.79883       64.7005157    
   712.831543      -1138.48413      -2636.24609       113.869965    
   988.050049      -1315.54431      -2443.88159       82.1366501    
   838.894531      -1429.71313      -2590.23169       107.414398    
   2138.08105      -232.014404      -4908.99805       96.1903076    
   2590.90918      -181.028076      -4727.35645       129.695160    
   774.164307      -1543.94238      -2702.25098       65.1646652    
   2595.62061      -8.09680176      -4602.12109       83.8571472    
   1008.45264      -1499.98877      -2354.54517       123.796829    
   2319.51807       57.9708252      -4893.47314       85.8446045    
   641.377930      -1519.10583      -2588.97388       109.385254    
   2768.76416       11.0473633      -4663.18750       100.728355    
   2312.11377      -8.52246094      -5033.45605       69.3128510    
   1073.82495      -1695.65845      -2362.23999       82.6554718    
   2645.44043      -285.841064      -4963.91699       134.727997    
  -7757.98340      -2829.14087      -2510.09863       149.299866    
  -7797.07129      -2522.71289      -2405.01196       176.992599    
  -7941.60742      -2681.10034      -2651.37524       125.641670    
  -7770.71143      -2905.07397      -2302.05029       72.5300674    
  -7759.49121      -2299.70435      -2526.34570       79.6539459    
  -7909.63477      -2231.03735      -2378.40601       136.771469    
  -8003.82764      -2068.57568      -2246.29590       92.8398132    
  -7701.30713      -2869.33423      -2713.42847       65.5780640    
  -7848.70020      -3052.40674      -2337.04346       97.8041382    
  -7685.28271      -2972.47363      -2815.36719       80.3091431    
  -7714.44482      -2994.99634      -2939.42847       49.1213913    
  -7597.96387      -3149.88086      -2783.58911       119.933441    
  -7562.29492      -2994.59717      -3034.32617       130.195038    
  -7862.53223      -3369.48096      -2777.75537       223.942490    
  -7629.77637      -3045.55591      -3245.72119       97.4620972    
  -8073.12939      -3487.31909      -2929.76245       61.2706528    
  -8049.48438      -1883.54688      -2174.84326       110.685059    
  -7716.18359      -3100.69434      -3503.16040       179.635757    
  -8080.17285      -2111.79834      -2116.54126       63.7985573    
  -7842.92871      -2036.70715      -2016.52100       189.479218    
  -7405.97461      -3205.58057      -3629.81104       171.461182    
  -8186.76807      -2060.96851      -1955.72852       135.694702    
  -7652.35449      -1912.71863      -1956.59302       45.6569099    
  -8143.49902      -2125.68237      -1725.50586       107.344124    
  -7803.35010      -1817.02954      -1846.50342       91.1080475    
  -7907.36035      -3238.04346      -3792.23096       193.182373    
  -7919.50684      -1946.22229      -1773.03076       81.3240280    
  -8268.83008      -1764.12146      -1972.01611       172.721130    
  -8040.64844      -3451.37109      -3675.67188       84.0190277    
  -8212.12500      -1500.73730      -1978.42847       96.7718124    
  -7845.47070      -3493.06592      -3748.71313       72.8110733    
  -8160.64258      -3288.71924      -3918.82129       94.4334717    
  -8116.04199      -1394.76123      -2129.06201       110.964226    
  -8401.06836      -1486.05750      -2042.42480       103.238785    
  -8198.48926      -3524.30420      -3919.04736       144.172623    
  -8549.10547      -1564.87646      -1919.97803       104.423210    
  -7913.80469      -3609.60547      -3910.92847       138.274399    
  -8286.31445      -1470.11975      -1766.95044       129.415115    
  -8679.94531      -1611.45483      -1762.41589       105.626236    
  -8197.25586      -1319.17371      -1776.57422       46.0989609    
  -8123.11182      -3329.14111      -4161.69189       154.619629    
  -8189.98242      -1115.62646      -1921.60693       203.920578    
  -7688.72949      -3641.01929      -3867.42969       93.1101761    
  -7890.79932      -3351.81641      -4226.10742       87.5180054    
  -7735.70166      -3663.43433      -4027.67017       75.3525848    
  -8018.36719      -3129.44727      -4403.93652       176.309341    
  -7819.16943      -3637.58472      -4150.00684       75.0081558    
  -8006.41943      -3378.95215      -4364.48926       76.5834579    
  -8302.10547      -3095.07178      -4485.41846       120.885727    
  -8329.18652      -1240.77734      -1507.40344       219.590714    
  -6809.93701      -1036.68494      -405.750488       132.302032    
  -6765.20166      -937.255127      -677.303467       160.316345    
  -6659.94775      -1173.97559      -532.956299       107.538818    
  -6936.87158      -893.064514      -325.557617       75.4641876    
  -6889.07568      -783.299988      -835.810303       93.0077362    
  -6525.43311      -708.867554      -775.292358       185.019531    
  -7046.61816      -763.629761      -184.246582       145.406738    
  -6969.75830      -877.992859      -26.7416992       63.8551064    
  -7028.02002      -737.827698      -980.683594       112.809395    
  -6288.92480      -769.650879      -890.359619       84.9236298    
  -6336.81738      -486.070312      -909.776245       136.367706    
  -6240.40723      -819.317200      -1067.76477       105.595039    
  -6034.20898      -779.595215      -869.324585       170.841339    
  -6227.00391      -942.271790      -1261.39697       124.160042    
  -5797.76953      -915.254333      -684.932495       158.269867    
  -6196.57227      -931.447815      -1435.35706       52.7773514    
  -5621.74609      -692.448975      -808.239990       151.283005    
  -5573.94531      -1106.79211      -598.718384       148.672516    
  -7229.83496      -876.806946      -175.761963       70.0868378    
  -5422.22266      -488.291138      -813.298584       134.234863    
  -7239.26514      -653.529297      -1128.89575       158.656403    
  -7385.27197      -828.414062      -198.460205       94.3094864    
  -7218.01660      -711.286865      -1347.38525       68.3409729    
  -7525.97461      -738.380066      -970.852905       179.567062    
  -7414.74707      -742.986511      -1319.60620       115.505890    
  -5334.16309      -379.661743      -1008.85168       106.169525    
  -7471.68994      -954.094055      -1248.63647       114.362885    
  -7622.83398      -541.942749      -851.874512       69.6592560    
  -7551.56055      -749.070862      -1527.71045       133.613281    
  -5309.56836      -363.112061      -1178.45239       65.9905090    
  -5171.65137      -559.242798      -1011.67615       136.021942    
  -7456.16797      -822.581665      -1766.47681       133.818817    
  -5155.35938      -843.849487      -1181.63013       195.876602    
  -5159.56445      -301.360107      -958.600342       91.6825562    
  -7444.57324      -772.096619      -1977.47583       83.4395981    
  -5173.82422      -281.046387      -1315.32336       143.529541    
  -7611.07910      -650.605591      -1883.99854       125.762497    
  -7554.49512      -858.601562      -2043.27698       71.1571579    
  -4995.00635      -379.196289      -1262.54163       67.1800995    
  -7541.99561      -681.012207      -2128.29102       117.895912    
  -4875.38574      -914.648560      -937.568237       182.219727    
  -7767.66406      -819.037537      -2043.03992       145.646317    
  -4923.04688      -474.030029      -1215.79980       60.7079926    
  -7743.44922      -862.826294      -2239.64795       57.2199173    
  -4815.84766      -429.898682      -1205.40051       55.6846619    
  -7998.01270      -716.084717      -1999.61328       110.378944    
  -7975.25830      -951.209717      -2063.04614       101.272408    
  -4717.58203      -500.388306      -1061.72290       132.111511    
  -7946.03906      -1148.93042      -2131.23218       109.906975    
  -4696.43994      -457.736816      -1283.25696       89.5544586    
  -1795.98315      -2551.46191      -1240.58667       89.3432007    
  -1797.14868      -2365.05054      -1287.24280       102.827660    
  -1544.80066      -2502.47363      -1171.35938       175.769394    
  -1999.90222      -2303.24219      -1312.92603       110.678604    
  -1488.10596      -2547.00903      -1417.74756       80.9613571    
  -1491.75146      -2738.63770      -1262.52161       82.9030838    
  -2045.42566      -2250.90723      -1516.15552       104.063705    
  -2214.56323      -2322.85571      -1259.38232       111.434761    
  -1289.63647      -2465.74976      -1271.58459       100.831306    
  -1205.49707      -2505.01953      -1439.86658       91.3679733    
  -1124.88940      -2363.72070      -1131.55298       138.248642    
  -1083.11963      -2466.28979      -1547.67322       76.2587051    
  -1065.04028      -2438.96411      -935.911621       79.7398300    
  -913.055298      -2415.02759      -1495.08936       108.991531    
  -920.184082      -2473.57764      -857.640625       88.5363541    
  -2379.69678      -2392.85303      -1309.80359       74.8802032    
  -819.005859      -2272.59521      -1630.16357       108.725250    
  -2468.81787      -2286.44824      -1163.21399       127.007057    
  -919.664673      -2626.69116      -1465.72876       104.796921    
  -902.888550      -2411.91382      -709.174927       73.1349335    
  -811.595703      -2715.67676      -1560.23804       64.0859528    
  -777.192993      -2470.81250      -1696.29468       104.376152    
  -755.764648      -2857.82080      -1527.07019       92.2138672    
  -623.056641      -2688.76392      -1600.66455       130.647293    
  -620.247681      -2363.40771      -1746.68408       92.3730927    
  -732.212769      -3027.13477      -1707.68970       156.469727    
  -575.389526      -2388.88745      -1947.24622       114.733803    
  -533.299927      -3167.54614      -1497.46533       165.211960    
  -2528.62280      -2107.12500      -1139.83972       63.4630547    
  -2625.40894      -2481.36890      -981.255859       182.232498    
  -2597.00464      -2133.58740      -999.691528       94.7173920    
  -2625.74023      -1996.94312      -1151.15430       83.8480835    
  -2837.45386      -2662.21973      -1090.68542       117.181274    
  -2737.99634      -1928.39746      -1054.36621       79.4359436    
  -2830.79395      -2131.73193      -893.319580       162.146530    
  -321.450928      -3117.35986      -1425.00195       64.2268753    
  -2695.88281      -1724.88293      -1094.71936       132.277985    
  -2917.60400      -2565.68750      -770.643188       187.700073    
  -2676.04492      -1526.71350      -1131.34851       70.2353516    
  -244.769531      -3039.28760      -1466.06909       52.6727600    
  -2718.81128      -1514.82910      -971.628784       95.5552902    
  -2856.76245      -1594.93945      -1171.97107       88.5092239    
  -3082.85205      -2710.08545      -641.381348       66.9974518    
  -481.501953      -3356.60156      -1636.09668       74.8927841    
  -3196.59521      -2596.12598      -605.850220       97.9031067    
  -383.851807      -3367.25049      -1308.45801       147.755112    
  -157.572266      -2923.40674      -1489.08960       94.1471252    
  -235.665527      -3191.19946      -1515.73438       80.8385239    
  -3163.87744      -2679.40942      -377.791992       147.080322    
  -186.493408      -3221.58838      -1361.45959       83.9050064    
  -4324.58691      -1614.13232      -1260.35400       146.035583    
  -4289.78760      -1823.55786      -1421.57300       120.526054    
  -4494.60449      -1631.43506      -1384.83521       65.3727798    
  -4457.23193      -1626.95215      -1077.11682       80.5212021    
  -4115.88770      -1700.21826      -1469.16760       97.9147873    
  -4152.93652      -2023.48169      -1407.22827       122.177422    
  -4445.91064      -1607.70447      -889.046509       108.873573    
  -4659.54150      -1542.47778      -1032.76050       143.158890    
  -3941.28564      -1642.89832      -1495.93884       87.8039932    
  -4043.80396      -2170.08887      -1472.60107       71.9166794    
  -3793.22168      -1479.19116      -1476.40662       133.787628    
  -3783.27734      -1693.59766      -1677.70898       158.326752    
  -3994.90967      -2203.33838      -1709.86133       172.628845    
  -3619.05322      -1532.45325      -1627.01550       77.2596283    
  -3972.95654      -2421.48706      -1704.52100       46.6761093    
  -4883.14062      -1537.96765      -1024.11121       80.6734009    
  -3473.42432      -1506.29211      -1522.43091       103.944038    
  -3517.27832      -1475.53003      -1734.92712       81.6305923    
  -4801.15723      -1383.06909      -1076.83179       74.5923462    
  -4980.28271      -1502.50488      -1149.88184       82.1672592    
  -5001.49316      -1602.42468      -968.284302       65.1961441    
  -5080.64990      -1365.09814      -1208.76111       97.8834000    
  -5081.81055      -1518.25159      -958.400269       51.5583458    
  -5251.72949      -1436.48486      -1360.85449       141.886322    
  -5172.20312      -1222.42578      -1093.44153       107.146790    
  -5259.63574      -1229.37427      -1328.78406       67.8231812    
  -5442.52148      -1393.08704      -1407.75098       59.3127785    
  -5441.25781      -1224.67407      -1261.60974       125.883469    
  -3303.49121      -1387.00293      -1457.30591       113.676361    
  -5560.51172      -1065.03345      -1392.43896       112.488052    
  -3238.62158      -1439.62695      -1203.61658       153.416870    
  -5575.11328      -1055.64453      -1143.26392       120.086563    
  -5750.79004      -1157.35938      -1394.79285       99.0121307    
  -5711.67480      -967.036621      -1397.42261       67.7563095    
  -3248.06714      -1762.05969      -1111.89612       181.943604    
  -5780.96973      -985.918884      -1301.43530       52.1057129    
  -5762.48145      -801.291931      -1530.95496       151.072342    
  -3279.56299      -1612.78003      -891.415894       86.1984482    
  -3187.50317      -1420.29260      -1610.64209       81.4624939    
  -3178.13013      -1359.56396      -956.087036       113.693329    
  -5920.41260      -973.851379      -1232.69128       103.866913    
  -3131.28882      -1821.81445      -908.401733       60.1935081    
  -5784.13965      -916.901428      -1752.32422       99.5928574    
  -3001.99463      -1478.90356      -1723.41418       143.398712    
  -3022.41675      -1954.40930      -1020.57214       128.313461    
  -6011.71680      -1115.55249      -1089.03613       117.611839    
  -3104.90430      -2121.42456      -920.103882       83.3408203    
  -2904.06152      -1458.65686      -1540.99890       64.6227341    
  -3153.40820      -2339.89453      -928.230713       140.591919    
  -6143.10059      -1120.96899      -1230.61597       75.6386566    
  -1099.63403      -750.541016      -6638.67725       102.925301    
  -1102.85010      -887.128906      -6715.64648       53.8769608    
  -1249.37598      -586.526855      -6502.96973       157.331146    
  -989.027832      -884.140625      -6734.59326       61.5840912    
  -1026.19238      -965.981934      -6867.03857       98.4811401    
  -819.921509      -986.708984      -6753.09619       137.045761    
  -1331.00195      -379.076172      -6390.72217       92.2315063    
  -597.573486      -933.869141      -6888.93750       128.795700    
  -1494.82178      -545.471191      -6653.97461       133.730118    
  -1513.66504      -622.491211      -6337.92920       156.245834    
  -1230.84839      -235.252441      -6276.82959       116.773865    
  -1643.21460      -366.006348      -6797.71143       140.006516    
  -1636.29858      -670.689453      -6157.82666       66.9550629    
  -1687.01392      -239.144043      -6589.46533       107.726906    
  -1799.00293      -740.738281      -6119.39307       114.346107    
  -392.353516      -812.779297      -6917.50146       111.150482    
  -1874.95605      -89.3750000      -6603.17188       133.019104    
  -285.309326      -625.103027      -6935.08691       105.625114    
  -1847.22876      -402.775391      -7047.09326       184.288864    
  -1675.85889       123.871094      -6617.80615       159.147614    
  -1901.70337      -374.093750      -7276.59570       53.3743210    
  -2104.72559      -333.229492      -6807.61328       174.146240    
  -1922.59790      -103.659180      -7215.30078       167.083557    
  -2154.64209      -417.206055      -7199.97363       159.315277    
  -2274.44482      -310.985840      -6657.17480       53.7665291    
  -2128.83789      -343.683594      -7390.09229       46.1939125    
  -2275.46558      -397.133789      -7399.14746       74.5064468    
  -2414.39355      -443.908203      -7243.19141       105.338730    
  -77.2163086      -548.570312      -6792.61328       157.909988    
  -2600.38208      -488.215332      -7228.15186       86.4400711    
  -69.0079346      -741.445801      -6685.96680       62.6436043    
  -2616.43872      -682.259277      -7386.16309       164.243179    
  -44.1255493      -681.959473      -6968.04785       64.9263077    
  -32.9464722      -327.765137      -6714.73779       80.3729477    
   6.51580811      -868.489746      -6782.70557       113.946640    
   84.4829102      -695.896973      -6796.96729       60.8565407    
   101.357666      -1036.86523      -6802.54541       80.2691422    
   230.419250      -698.835449      -6768.05664       87.9523315    
  -2790.59375      -613.541504      -7185.52539       110.159958    
   172.687012      -1106.48633      -6907.79395       64.7079620    
   253.792236      -708.406738      -6568.22412       113.532272    
   321.985779      -684.720703      -6934.71191       102.759972    
   322.786987      -414.891602      -6441.35986       213.529388    
  -2617.24463      -731.723633      -7709.72656       163.123962    
  -2850.30200      -776.441406      -7162.14404       64.9869156    
  -2641.19702      -442.316406      -7807.06152       143.164597    
  -2876.23120      -964.313477      -7203.29834       129.033615    
   371.302368      -160.114258      -6249.37598       109.140526    
  -2976.08130      -736.996094      -7103.45117       79.3117371    
   435.634338      -622.674805      -6176.39893       141.589813    
   1165.26709       869.861572      -5763.61426       91.8559647    
   1148.15588       697.637207      -5932.94629       150.281708    
   1135.05334       1000.28491      -5836.43408       60.5009079    
   1094.53992       1125.18677      -5813.34277       72.8436432    
   1405.46240       707.746338      -6052.92969       133.797440    
   936.273071       574.618164      -6111.68945       153.004593    
   1259.89490       1174.44141      -5941.75781       142.287964    
   1574.85181       596.053223      -6138.22461       86.2429199    
   921.533691       1062.53638      -5799.28320       111.693130    
   1417.54358       1309.00659      -5849.06104       84.8030624    
   1123.44629       1282.14258      -5607.33545       187.707870    
   1349.98096       1493.09351      -5888.32129       115.182793    
   896.699402       1369.66797      -5624.07520       55.9555588    
   1089.65649       1366.28442      -5332.73242       101.506042    
   1393.82007       1699.59912      -5877.87158       96.1662521    
   887.555054       434.320801      -6394.28467       166.253494    
   1519.04968       1822.00415      -5862.34033       79.6668854    
   1209.34985       1511.53125      -5185.95117       137.217529    
   653.566040       634.990234      -6281.35596       162.044403    
   1554.43359       2001.74438      -5788.61182       117.789963    
   1104.54504       453.988770      -6489.53174       71.5561981    
   671.767822       408.297363      -6306.02246       66.7771683    
   1683.49536       2051.16406      -5651.49268       76.9247742    
   475.993073       514.640625      -6221.81104       60.6004066    
   820.651550       247.867676      -6268.48633       68.3844833    
   542.729248       312.418945      -6139.32275       164.824249    
   1871.68677       2003.37427      -5675.92529       118.751122    
   1766.73877       2141.88306      -5621.04492       49.8595428    
   392.785828       515.801758      -6304.35645       56.6064529    
   359.357300       333.472168      -5866.47266       164.671310    
   546.068604       152.303223      -5986.72412       56.3660545    
   752.836121       116.121582      -6365.24854       108.593628    
   299.719299       435.676758      -6547.24023       215.570236    
   293.427490       93.2490234      -5883.00293       85.0308380    
   66.0929565       567.166016      -6515.43750       54.3416443    
   151.595886       68.8266602      -5917.84473       63.0248680    
   495.591431       207.806641      -6864.47656       221.397858    
   168.805115       211.769043      -6725.95898       99.4028702    
   419.279053      -27.4750977      -6760.90234       46.7375183    
   661.166809       56.6464844      -7036.32910       61.0868225    
   1893.01074       2095.98950      -5482.95654       96.3823471    
   155.855042       50.8432617      -6847.02441       102.389435    
   2135.06860       1895.76318      -5752.24512       175.782669    
   1919.74731       2224.76489      -5815.25146       147.195648    
   100.507751      -153.896973      -6731.13086       139.381195    
   1749.72693       2324.41284      -5601.46045       134.541672    
   259.524231      -76.5258789      -6993.76123       117.871521    
   1769.02563       2458.96191      -5720.92090       46.3517761    
  -66.6396484      -157.731934      -6582.55078       84.3128357    
   1973.95435       2220.91748      -5309.18311       132.436066    
   1540.93066       3378.64551      -6067.13281       62.9192963    
   1659.29822       3299.99536      -6130.98047       92.9153595    
   1350.88611       3508.99170      -6066.64111       167.532745    
   1517.82251       3129.34399      -6134.71045       128.790237    
   1281.26611       3722.88208      -6280.78369       143.038605    
   1574.79053       3080.17236      -6346.34912       95.7772751    
   1212.61707       3910.90649      -6314.76074       59.9880028    
   1377.37231       2913.43799      -6306.56689       165.680557    
   1322.60510       3819.88892      -6517.22412       115.865242    
   1538.30627       2755.65479      -6456.50781       104.999863    
   1108.90125       3941.61279      -6218.35645       84.9834366    
   1711.51208       2729.59668      -6503.92334       76.4603195    
   941.741821       3925.18872      -6343.44287       124.484383    
   1502.39624       2590.31348      -6377.43213       81.7661972    
   1098.85645       4122.58008      -6438.82520       145.215790    
   1800.23767       2714.49268      -6348.46436       103.178192    
   1660.35254       2650.12842      -6653.02979       100.109718    
   1382.68713       2519.38110      -6622.15820       199.718384    
   997.751587       4031.98975      -6057.14453       130.626419    
   785.710266       4062.74707      -6226.74951       114.031860    
   881.811279       4204.10742      -6408.92383       88.5452805    
   1262.42126       2302.89648      -6736.38965       73.0040283    
   733.498535       4174.52344      -6568.70801       131.508667    
   1423.70142       2284.22803      -6747.22998       69.7678604    
   1284.63135       2202.85278      -6639.13428       68.2451019    
   1123.36292       2242.61816      -6831.22754       105.812180    
   1456.60156       2108.38599      -6562.07715       142.558594    
   1121.92920       2020.68823      -6630.56494       176.131607    
   995.218811       4317.00488      -6465.08301       76.6809311    
   873.144897       4306.87256      -6616.63672       66.8150253    
   958.301025       1920.75977      -6879.89844       138.427963    
   1100.65540       4357.61963      -6664.03955       152.151108    
   817.269409       1967.28662      -7030.66113       73.1960983    
   1068.53467       1752.23828      -6632.71045       97.6204453    
   737.412842       1869.49390      -6948.51758       77.3909607    
   1188.23083       1686.84595      -6782.09082       104.680466    
   738.278870       4427.15674      -6661.69580       119.486488    
   852.026733       1750.26587      -6982.62500       87.1936417    
   636.882690       1810.96436      -7050.41113       77.2470703    
   918.651550       1579.01733      -6643.87158       131.712112    
   761.095093       4454.47559      -6929.83008       150.994263    
   817.154236       4630.82422      -6655.92285       98.9407501    
   898.219604       1541.01636      -6371.82324       143.717926    
   652.949829       4590.49268      -6705.66260       69.9363174    
   971.867920       1447.54028      -6815.79395       91.1209641    
   795.342834       4643.33936      -6867.47656       50.8254890    
   758.702026       4584.82471      -7115.49854       75.9049988    
   686.974365       4710.05029      -6625.57080       56.4670105    
   814.098877       1367.92432      -6755.34717       95.6298523    
   1081.70239       1311.09082      -6197.59521       198.142975    
   499.494873       5565.44873      -5956.37158       63.5870323    
   439.010925       5413.94727      -5957.22119       99.5179977    
   439.197388       5781.23242      -5847.77881       185.436844    
   718.281006       5794.41064      -5785.48682       100.846550    
   408.524841       5406.50342      -5749.94336       110.094490    
   531.173340       5290.92773      -6050.77637       80.4663391    
   586.902832       5192.44287      -6194.28369       102.233902    
   630.130432       5266.05713      -6377.67334       100.135246    
   685.028992       5089.70020      -6386.24316       84.7703705    
   543.337158       5081.34668      -6459.76318       75.0863190    
   792.401184       4916.69922      -6407.18994       119.898674    
   443.186890       6005.39844      -5634.67188       123.834740    
   663.159851       4954.10254      -6556.94531       81.4627075    
   281.203003       5928.33789      -5426.46729       150.974213    
   469.996338       6136.17676      -5470.55273       87.7264481    
   454.043488       4908.13623      -6636.72266       147.042114    
   33.2843018       6045.58496      -5469.58984       126.638306    
   175.604797       4954.70459      -6662.33691       136.424713    
  -55.5115967       6191.66357      -5616.26172       98.5876770    
   611.517212       4775.44775      -6700.91992       68.7001724    
   533.359131       4953.63086      -6894.28711       126.308617    
   503.988983       4669.32666      -6692.96533       82.5576630    
   290.259033       5017.99658      -7018.48877       154.173645    
  -213.492188       6049.93701      -5442.59668       121.620796    
   486.619293       5674.09473      -7953.51172       149.728867    
   712.796997       5681.02832      -8052.41504       97.2265625    
   529.376343       5456.76123      -7899.64453       78.2268295    
   497.259552       5692.26660      -8253.52637       150.984375    
   351.594604       5922.19385      -8231.92578       122.045967    
   481.663696       6005.02197      -8340.27734       66.4484177    
   565.514893       5328.97607      -7788.24121       95.1310349    
   287.807190       5888.33301      -8464.09766       121.112457    
   614.052307       5203.79248      -7730.45898       51.0271797    
   224.327637       6017.72607      -8584.63867       66.7553711    
   729.357178       5135.82666      -7718.24023       83.3906479    
   578.073853       5180.97070      -7541.48828       142.715149    
  -18.2999268       6050.36182      -8522.77148       185.789963    
   974.363342       5291.07520      -7662.95801       211.891525    
   835.217529       4991.53857      -7744.89746       97.5200272    
   717.748779       5249.57422      -7295.70361       148.222733    
   246.286865       5983.87354      -8832.72363       184.621078    
   623.667175       5075.07910      -7248.61572       55.5725555    
  -94.6549072       5805.27051      -8582.46484       77.7958832    
   255.368958       6202.66748      -8612.83398       122.878006    
  -150.985840       6237.06299      -8379.21484       84.5355072    
   516.250488       5944.33984      -8955.88672       114.750275    
   269.691223       5758.36523      -9038.08789       121.267853    
   320.196228       5993.14160      -9065.50000       59.8008385    
   453.907623       5865.50391      -9158.47852       111.397621    
   242.342468       5587.33887      -9219.00195       129.235199    
   310.659729       6071.30225      -9227.34961       120.156029    
   339.124695       5625.55078      -9402.45898       81.6233368    
   616.323364       5011.59961      -7124.87305       83.6629791    
   246.087830       5578.34570      -9555.14844       103.338196    
   307.398560       6296.80762      -9370.34961       146.890549    
   230.633118       5755.66357      -9622.11719       86.8510208    
   318.857971       6255.02197      -9576.84277       64.1906586    
   390.767090       6457.31836      -9489.15039       69.4957504    
   599.840454       4863.74561      -7130.12158       65.2034531    
   781.472595       5094.99268      -7009.41553       134.418808    
   526.779907       6315.61230      -9581.57324       147.584244    
   438.694641       6642.71826      -9413.70312       136.308685    
   780.243286       4821.01172      -7042.26611       139.959976    
   743.531860       5212.17041      -6822.78955       89.1903076    
   463.272186       6159.94141      -9754.91113       93.8863144    
   962.832764       4685.77051      -7023.79492       88.0037460    
   730.965332       6186.44727      -9753.78027       149.126923    
   260.533081       6902.37109      -9305.46680       196.691818    
   987.389343       4541.02686      -7099.05859       77.0074615    
   353.735718       6103.77539      -9938.87500       127.478172    
   439.904541       7083.55029      -9180.24414       87.3555298    
   217.545166       6005.18555      -10012.5762       56.0600624    
   668.548157       5170.31982      -6610.28027       140.008621    
   630.020508       7158.05273      -9179.19727       116.854622    
   1916.36230       6885.21582      -13662.8887       160.002106    
   1833.34973       6822.20605      -13461.2148       67.0113297    
   1803.15100       7095.19434      -13646.6553       79.1072998    
   1842.62305       6776.29004      -13871.5176       86.6126862    
   1940.08081       6845.67627      -13320.1621       111.381546    
   1671.68713       6713.10205      -13850.7178       96.8118286    
   1888.97021       6522.70117      -13905.3887       173.439728    
   1838.32056       6900.93701      -14086.7393       162.214050    
   1690.24976       6406.93848      -14003.8701       76.7383728    
   1963.27661       6984.63965      -14283.7217       85.5738678    
   1522.78955       6475.08789      -14156.7080       159.991837    
   1956.94214       6952.50049      -14409.8770       44.7449417    
   1288.88513       6615.63965      -14174.4160       113.448128    
   2056.72485       7123.58105      -14424.4990       133.108093    
   1113.29456       6752.74121      -14183.0830       109.505203    
   1191.18518       6465.48584      -14344.8262       133.799393    
   932.029907       6691.19971      -14193.0127       82.2402573    
   2127.57715       7049.14404      -14604.2012       73.9786606    
   828.151794       6612.26074      -14016.0986       137.573593    
   859.379883       6525.51318      -14308.9121       132.585876    
   2144.66357       7367.76953      -14489.0830       134.408264    
   696.976257       6672.78027      -14259.1152       92.2403336    
   624.968445       6509.09277      -13974.7061       94.0407333    
   2109.84253       6936.00342      -14813.0830       164.244843    
   505.513031       6843.49512      -14118.7227       200.167252    
   1923.60938       7123.30371      -14924.8574       122.530685    
   2191.53613       7575.30176      -14615.2314       112.970901    
   1857.65674       7153.72803      -15116.2969       82.2619095    
   513.954834       6418.46094      -14048.2383       67.0438309    
   407.681030       7073.07227      -14011.6035       71.3920975    
   2380.44824       7663.66650      -14709.2354       115.764908    
   550.161255       6178.27832      -14101.1016       181.561340    
   270.372864       7061.87207      -14086.6416       85.4791641    
   523.716431       6005.95605      -13900.2109       84.4278488    
   174.828674       6805.55859      -14045.9326       140.555603    
   414.583496       6016.20654      -13821.7432       50.3174286    
   2349.26562       7774.82617      -14557.5391       74.8717194    
   2545.04346       7538.95996      -14743.7236       93.5563126    
   332.314758       5964.54932      -13915.7422       84.8405380    
   2353.98779       7845.75488      -14698.0322       68.5762024    
   406.659180       5938.84814      -13667.6484       122.329247    
   2430.71777       7822.49219      -14829.1230       85.0948715    
   36.9412231       6651.50195      -14220.5205       130.051483    
  -61.4942627       6850.78320      -14072.7109       101.527740    
   236.171692       5918.52832      -14092.3184       121.460365    
   2535.59668       7916.31152      -14824.9375       55.6445770    
  -135.484009       7020.95215      -14026.8066       89.6263504    
   270.723511       5936.53711      -13548.8838       58.1756248    
   199.460266       5773.11230      -14169.0488       47.0249634    
  -211.428711       7153.78125      -14019.8262       63.5158882    
   251.263245       4499.00146      -12885.6631       104.132187    
   474.411469       4418.45264      -12869.0947       133.660629    
   343.246155       4554.97998      -13076.4951       114.986404    
   468.128296       4227.57861      -12827.2881       61.8344498    
   387.670776       4753.93164      -13191.8398       119.202484    
   571.968811       4392.70312      -12631.5693       124.455620    
   64.6657104       4317.27295      -12692.3701       220.241898    
   851.824524       4321.55615      -12635.7803       164.328705    
   203.237549       4691.00830      -13266.6934       89.5353470    
   293.755432       4912.96973      -13274.6445       83.2258911    
  -89.1568604       4545.95410      -12597.8994       71.0312195    
  -207.395386       4400.12402      -12795.4707       82.2406006    
   62.2191162       4231.08838      -12345.3770       137.298859    
  -187.435547       4679.02979      -12451.8750       149.715302    
  -74.9241943       4073.22314      -12342.7168       71.8801575    
  -278.321899       4855.90625      -12437.7549       49.5997314    
   459.779572       5095.25342      -13330.7949       169.627487    
  -337.714844       4865.70117      -12332.1787       71.9365616    
   478.783875       4918.67920      -13482.1426       63.6700821    
   697.456299       4962.21973      -13449.4277       127.486885    
   498.251404       4932.43555      -13640.0020       96.0447998    
   557.146545       5287.54004      -13432.5430       68.7213135    
   356.731201       4952.10352      -13749.5479       83.9585037    
   684.275269       5342.25098      -13482.9092       78.5778885    
   522.711304       5401.95020      -13557.7305       104.337967    
   800.720093       5415.35498      -13447.1113       63.4529839    
   286.148987       5527.66064      -13679.3887       189.932114    
   373.988464       5361.21191      -13893.8906       95.4271317    
  -193.907715       3997.75586      -12204.6494       125.299767    
   493.922150       5535.57715      -13940.8828       121.355927    
  -95.2583008       4012.22510      -12046.4912       61.6631813    
   303.770386       5543.50098      -14004.5352       79.3205261    
   63.3448486       4009.68555      -12005.5801       102.149292    
   117.346924       5647.24072      -14057.0000       140.427048    
  -34.5928955       3907.87256      -12070.9053       53.4734306    
   331.079895       5467.46826      -14251.4932       180.581360    
   26.0574951       3807.15332      -12132.7119       79.3749771    
   573.726196       5471.73828      -14301.0508       67.0287323    
   159.802307       3637.73364      -12203.4258       147.806961    
  -131.225098       3668.08789      -12174.9727       134.768829    
   250.904968       3451.79565      -12264.5117       68.0980301    
   641.815369       5329.10059      -14391.9258       115.321304    
  -135.984985       3517.56299      -12305.8301       64.7636795    
   366.148682       3423.47607      -12298.2803       55.2784576    
   335.531189       3627.79004      -11985.3271       132.463699    
   465.493347       3414.68726      -12199.8857       84.8136139    
   269.169922       3278.50928      -12370.2783       133.403473    
   650.214600       3478.23828      -12075.9014       146.550842    
   575.661377       3303.62793      -12242.3672       77.3249130    
   452.096802       3619.51782      -11778.5918       104.983559    
   536.039795       4784.53564      -10333.2148       87.3426437    
   673.230408       4797.52734      -10343.1299       50.8412132    
   551.413208       4680.96191      -10618.9551       216.876144    
   374.123840       4470.02246      -10590.1533       60.2150078    
   627.308777       4687.85889      -10162.4180       129.150208    
   485.500397       4692.67969      -10037.4492       59.9242134    
   498.092377       4333.67969      -10710.8926       146.370621    
   590.902344       5036.07080      -10680.3076       145.633240    
   542.204407       4572.37988      -9910.03809       124.283752    
   701.663452       4358.61133      -10853.2197       103.208069    
   503.783447       4704.11719      -9763.64648       76.3292160    
   350.944031       4221.49463      -10860.4873       91.5630875    
   579.200867       4531.79297      -9701.20996       91.6629639    
   825.386475       4376.51904      -10991.7871       83.4095230    
   637.167725       4610.81396      -9558.82129       81.1640472    
   851.944824       4584.99219      -11030.2793       130.203430    
   588.124390       4554.21094      -9417.58984       78.6889648    
   194.628967       4209.27832      -10959.8418       94.0583649    
   1071.39709       4481.15088      -11169.8242       149.786133    
   690.682495       4752.57324      -9572.85059       70.9774628    
   462.371857       4741.43799      -9490.06836       147.587128    
   1003.78406       4387.55420      -11336.1602       52.6372299    
   793.696167       4634.58252      -9437.36719       118.392181    
   1029.25110       4231.20752      -11301.6279       109.531227    
   1283.59033       4644.85449      -11226.1748       124.072289    
   529.665161       4615.31250      -9271.40332       90.3167877    
   1475.48682       4690.97168      -11004.1953       172.997025    
   905.501465       4474.53516      -11471.2793       135.719513    
   675.797852       4727.40186      -9256.93457       94.4577179    
   470.168854       4995.14355      -9290.00195       175.632233    
   1675.55286       4788.39404      -11092.3135       66.3593063    
   856.252014       4244.91211      -11673.7305       174.258865    
   480.461945       4470.40381      -9218.35254       71.7075043    
   1058.64380       4135.35352      -11729.0332       62.4408531    
   634.597412       4136.46338      -11847.5322       127.539062    
   872.316650       4101.50342      -11850.8564       54.2963791    
   739.633545       4184.26807      -11979.6133       47.8118973    
   1007.87256       4140.03076      -11989.9736       143.673462    
   484.319611       4122.34180      -12055.3789       129.308670    
   865.422119       4024.85669      -12074.8447       58.2169609    
   542.435791       4779.91895      -9253.01367       48.8637161    
   924.833923       4906.80371      -9273.78223       212.959625    
   330.536316       3972.74609      -12032.3564       86.4706879    
   1179.44617       5023.61523      -9279.89453       67.2583771    
   1188.11572       4817.43115      -9188.98047       77.7088852    
   1298.34631       5099.79346      -9280.98828       73.9701538    
   465.532379       3836.13232      -12077.7021       110.834099    
   186.243530       3843.03052      -12042.8086       107.817421    
   1395.69727       4618.56982      -9094.20898       224.997574    
   23.0643311       3729.54517      -11955.0361       109.479836    
   43.1204834       6292.69434      -8026.31152       111.737251    
   296.541809       6418.66943      -8017.03516       171.452240    
   150.136353       6164.31641      -7944.90527       74.1353302    
  -137.344849       6227.67090      -7854.89258       145.478287    
   304.349670       6321.63721      -8229.42676       62.1382484    
   463.565674       6381.54883      -7783.00684       118.491898    
   413.740784       6205.65625      -8330.84473       126.729179    
  -311.997681       6278.64893      -8034.22461       109.997574    
   583.915894       6387.57910      -8080.47314       124.487816    
   519.173035       6089.15869      -8411.54004       49.9911652    
   571.434814       6588.13086      -7599.98047       177.833969    
  -522.072876       6256.71191      -8038.60010       101.282990    
   476.196838       6570.92480      -7386.65088       56.3827858    
   590.877686       6020.54346      -8504.32129       85.8649521    
   594.760986       6696.82812      -7364.08350       82.8560028    
   650.960083       5894.71680      -8424.65332       74.6786957    
   547.032471       5914.73730      -8590.27344       57.2870026    
  -533.403564       6225.28760      -8272.73828       135.230820    
   677.841553       5747.64355      -8402.63184       76.4392700    
   625.899170       5767.49854      -8635.50195       115.773949    
   802.340698       5607.31055      -8346.14551       119.478691    
   799.628296       5783.21680      -8669.04297       61.8876114    
  -840.980347       6188.91211      -8338.73926       181.428253    
   980.412354       5677.66992      -8284.57715       81.7228470    
   846.182983       5639.27539      -8615.54492       98.5670090    
   809.921753       5429.40479      -8439.52441       81.5532074    
   901.567322       5496.36230      -8680.35449       67.8442612    
   1036.37036       5626.37939      -8732.68359       125.160561    
   705.636475       6747.30469      -7272.95996       69.4501495    
   1139.75586       5594.11182      -8887.12402       63.4848099    
  -899.983276       6372.13770      -8477.63281       55.9664612    
  -1012.46338       6073.59766      -8143.45801       102.892509    
  -1093.57886       6336.34668      -8258.13770       121.949554    
  -1133.18042       5929.06104      -8052.62939       106.193245    
   1223.97180       5690.02051      -8884.16699       64.1616974    
  -1193.24707       6045.55762      -8350.38574       173.314148    
  -1189.80591       6556.09961      -8412.29492       163.237244    
  -1304.71143       5954.74707      -8525.74316       53.4185638    
   1120.72729       5562.35645      -9020.80859       75.2638855    
   1356.92932       5714.60791      -8817.75293       86.5069656    
   1328.98206       5697.31006      -9012.89160       102.174294    
   1479.70837       5558.84717      -8655.32422       169.838211    
  -1280.92798       6028.34033      -8622.94434       70.7851181    
  -1397.83545       5922.35254      -8338.08203       65.8241196    
   1313.28455       5477.81738      -9177.55469       172.690063    
   1525.43799       5753.87646      -9074.74707       111.366104    
   1275.50635       5196.17920      -9116.49707       117.972359    
  -1433.31372       5888.38770      -8634.45117       127.606262    
  -1342.67310       6752.95020      -8290.86523       113.997711    
  -1542.22656       6037.76172      -8368.62109       121.510605    
   174.923706       6247.16846      -15336.8711       44.6018829    
   114.875244       6233.87646      -15499.9316       129.668625    
   128.215027       6467.87842      -15235.1074       202.889374    
  -18.8562012       6257.86426      -15629.8525       58.2782974    
   281.568298       6246.41016      -15075.8926       110.028824    
   98.6723633       6338.62012      -14933.3770       126.658318    
   195.654175       6236.16602      -15746.8701       130.137222    
   351.972351       6320.77734      -15800.5645       55.5775948    
   177.986084       6182.65479      -14857.1143       64.2138748    
   104.755859       6481.69189      -14770.2949       90.3928604    
   216.594055       6118.63965      -14695.8711       113.524506    
   12.5366821       6381.07275      -14623.9453       109.714722    
   216.465271       6225.64258      -14551.4922       66.1847839    
   9.47137451       6528.86328      -14486.4219       92.2225494    
   39.0368652       6417.15576      -14397.2363       53.7131195    
   96.2432861       6531.62256      -14358.6504       62.2176170    
  -67.3648682       6483.95850      -14330.1836       87.5993576    
   129.499390       6371.40527      -14248.6484       126.143562    
   565.445068       6317.11426      -15793.9795       158.049896    
   336.215149       6302.57227      -15969.9316       115.512085    
   729.439026       6192.22363      -15896.0469       71.9859161    
   547.773438       6449.92773      -16038.7852       121.066048    
   146.852417       6259.99707      -16139.2793       142.083771    
   754.579712       6501.00635      -16081.0625       96.1120758    
   568.446472       6636.51367      -16176.1758       111.627090    
   283.343750       6164.20508      -16303.2695       91.8377457    
   567.542358       6621.23633      -16351.4697       64.1683960    
   113.095703       5946.48096      -16426.3223       210.734085    
  -15.2590332       6221.05469      -14175.9658       94.8916779    
   645.169739       6698.83105      -16512.1992       130.576553    
   466.900055       5874.85791      -16600.6230       190.124176    
  -79.1920166       6040.61670      -14138.2646       100.209007    
  -106.778442       5724.94727      -16541.9160       122.104057    
   683.473816       5983.50439      -16604.5703       52.2411537    
   100.313232       6294.02979      -13946.2607       172.413925    
  -243.997803       5832.45605      -16620.3359       69.0878372    
  -216.222656       6215.78613      -13981.2656       155.576218    
   774.401184       6056.16309      -16683.4238       88.3042679    
  -60.3869629       6598.64746      -13917.6816       173.208817    
  -223.488892       5578.33789      -16659.0117       98.8889313    
  -446.065918       6118.22754      -13919.1797       101.682541    
  -65.2835693       5643.33203      -16765.2676       102.560303    
  -658.983032       6073.51953      -14040.0342       147.199844    
   951.557251       6011.61328      -16739.7148       102.837982    
  -692.159058       5893.06445      -13980.9102       45.5575371    
   107.057129       5618.57129      -16902.6582       119.163116    
  -684.815186       6365.35010      -13843.4336       205.611298    
   217.887573       5763.73291      -16982.6172       80.2410507    
  -96.4223633       6875.61475      -13816.2295       123.953423    
   1118.71619       5943.89990      -16775.8965       81.0909958    
  -91.6022949       7747.53809      -17372.3516       70.3181839    
   105.621460       7828.50244      -17371.2344       142.850571    
  -156.432983       7616.39844      -17383.7949       76.4800797    
   83.6467285       7890.01074      -17171.6602       67.0613861    
  -39.7775269       8083.34082      -17482.9551       171.098373    
  -186.823242       7438.03613      -17380.9570       104.421951    
   220.018982       7949.74609      -17683.1602       183.038849    
  -213.152466       8243.65625      -17541.3750       72.1889572    
  -272.374634       7342.65576      -17479.8809       57.4120293    
   258.519348       8204.96094      -17737.2188       80.6800537    
  -202.855591       7231.87988      -17529.1426       82.3439941    
   315.203430       8164.75488      -17881.8418       79.7626114    
  -200.558594       7143.05762      -17418.6230       59.3929482    
   488.347107       7947.68164      -17876.5312       147.695984    
   242.358337       8163.93359      -18064.7891       117.138931    
   604.980835       7846.39062      -18019.8379       63.0922928    
   698.308228       7906.53125      -17991.9766       51.3734207    
   644.888428       7673.99512      -18097.6328       130.192810    
  -284.047119       7076.96191      -17329.0547       79.8077545    
   840.634399       7608.31348      -18213.6953       106.629684    
  -247.640137       6939.61816      -17329.6719       62.1925163    
  -469.448853       7099.74512      -17214.8652       139.115967    
  -168.054077       6866.37988      -17218.1602       93.1845779    
  -510.726318       6921.04688      -17283.1055       56.6052361    
  -231.797729       6717.96094      -17304.1699       89.8011475    
  -132.761108       6777.67188      -17046.3320       103.377510    
   1056.47656       7616.35156      -18153.6055       117.557953    
  -263.337646       6633.26416      -17120.1406       104.812218    
  -135.654785       6573.49121      -16879.7148       160.161758    
   1028.04614       7485.94043      -18265.4961       56.5384865    
   68.5040283       6468.03467      -16874.7910       69.7024918    
  -73.4339600       6380.24414      -16945.4688       53.2435837    
   1100.15649       7310.05273      -18229.2871       136.962296    
  -48.0066528       6398.84033      -16699.3125       105.798271    
   1168.64746       7065.85107      -18140.7422       131.671555    
   1098.54089       7796.48926      -18279.0977       105.999054    
   1171.63086       7452.81836      -18412.5801       106.156433    
   52.4875488       6277.17480      -16741.2383       57.4705238    
   1246.16772       6969.43652      -18337.4570       100.720825    
   1080.18921       8005.65723      -18468.2656       176.773804    
   1297.44238       7091.08887      -18492.2344       102.671608    
   928.916748       8103.97461      -18677.7305       99.6214066    
  -18.4143066       6216.91943      -16842.3457       79.9497452    
   1352.06274       8124.98340      -18450.1230       120.648346    
   108.041077       6291.62500      -16639.3320       59.4818573    
  -164.138550       6166.67725      -16824.1133       75.2780991    
   210.364014       6117.62988      -16762.7246       168.017105    
  -40.3942261       6029.68311      -16894.5078       115.765587    
   193.053589       6286.51074      -16467.7090       132.109589    
   1074.69360       8271.63477      -18755.8184       135.957550    
   2116.73682       6265.01221      -18501.8223       88.6288681    
   1939.25195       6356.24902      -18346.7695       164.173264    
   2219.89502       6171.23340      -18333.6758       129.936630    
   2131.44141       6475.38916      -18081.8105       184.180847    
   2180.13818       6698.69922      -18017.6328       53.1933556    
   2104.47412       6762.56543      -17964.5977       59.1903801    
   1830.10791       6132.11523      -18469.8730       113.849792    
   2253.96460       6075.38232      -18596.1680       151.616592    
   1877.40295       6790.49902      -17962.2578       169.613022    
   2361.32178       5843.24121      -18634.6680       107.029793    
   2070.19775       6979.45215      -17940.7070       101.138977    
   2576.40918       5932.32910      -18744.9570       150.654282    
   1982.75000       7118.93262      -18100.9141       128.671402    
   2735.15625       5879.60254      -18524.4531       126.038170    
   2217.35596       5628.17236      -18666.7617       153.827423    
   2112.27686       7227.16406      -18309.2266       139.392548    
   1856.87537       7248.89160      -18199.5742       77.4076996    
   1929.70972       7317.87598      -18412.3398       89.0113983    
   2478.60645       5653.85010      -18395.1836       220.022232    
   2916.10010       5933.70703      -18714.6875       141.797119    
   2706.39233       5594.33936      -18596.9023       90.0453415    
   2413.95312       5397.57227      -18433.4531       47.0249786    
   3120.49707       5996.68848      -18815.7578       94.9181900    
   2385.73584       5281.56445      -18455.7773       74.4533997    
   3157.60693       5956.08154      -19006.7930       103.788887    
   2471.27637       5246.81494      -18648.3242       139.106598    
   3178.12622       5816.49951      -19119.7266       76.8988342    
   2591.01392       5076.35449      -18575.9121       81.4535522    
   3341.71411       5723.74463      -19148.2617       113.268707    
   1854.68469       7428.36816      -18187.6484       102.426956    
   3275.31201       5575.92871      -19262.7656       85.1748734    
   1714.10986       7379.69531      -18070.1484       87.1047897    
   3434.89966       5875.08789      -19261.3477       97.3429947    
   1667.37305       7529.05615      -18120.8359       77.3720016    
   3530.02222       5625.50195      -18980.6484       157.350540    
   3265.81201       5388.43506      -19259.3691       102.556076    
   1594.16504       7385.13184      -17819.5820       190.820053    
   3447.24365       5555.66260      -19339.7930       104.216599    
   1396.35327       7436.03027      -17987.1777       73.3862915    
   3497.62134       5687.87109      -19453.1621       77.0998688    
   1469.50195       7529.17188      -17995.3242       45.4153481    
   3689.21045       5411.41504      -19086.7227       129.661758    
   3629.22729       5352.20801      -19420.0781       180.309296    
   1369.61499       7410.55322      -18208.9375       151.471619    
   3837.68921       5301.07422      -19277.4004       77.4528351    
   1275.73547       7245.03711      -17923.8945       161.216827    
   3848.58081       5498.05908      -19568.9141       122.217598    
   1465.76025       7630.62939      -18360.3789       132.417267    
   1697.27161       7495.54102      -17594.7773       80.0103760    
   1221.86560       7188.12207      -17661.5508       112.532555    
   5192.42871       6463.79248      -19145.4746       93.8535004    
   5251.64941       6535.22461      -18943.5293       128.343460    
   5197.56543       6575.70166      -19282.1367       82.9007187    
   5432.13672       6401.15869      -18951.5527       96.4706573    
   4927.52148       6388.81738      -19244.1445       198.622513    
   4910.22754       6201.87939      -19004.9004       105.449661    
   4831.35156       6591.46582      -19451.6855       107.037910    
   4875.87500       6787.53369      -19418.5566       96.7356567    
   5633.30859       6449.12109      -19027.3262       123.821770    
   4779.90918       6826.10547      -19636.9141       144.907242    
   5775.82910       6471.53467      -19201.1465       102.001892    
   4626.60449       6635.37109      -19734.8125       118.686546    
   5851.62402       6534.75488      -19067.5156       64.1311264    
   4492.28223       6524.48389      -19618.1504       90.9217682    
   5950.24316       6748.02197      -19206.4453       208.771164    
   4465.86377       6686.81055      -19537.9629       92.0972137    
   6001.73145       6885.33789      -18910.2031       121.756508    
   4323.28906       6557.11377      -19414.8555       136.566986    
   5958.11621       6474.10596      -19129.0586       73.0865631    
   6061.87012       6519.64355      -19336.8613       76.9617767    
   5901.52637       7088.78369      -18886.9160       106.177200    
   6178.07617       6494.09180      -19304.2910       46.3667526    
   6198.24023       6796.28320      -19283.5703       55.3839035    
   5959.15039       7258.22021      -18811.9844       87.8005905    
   6045.72559       7075.22266      -18670.1582       154.636353    
   6077.20898       7317.07178      -18954.0723       106.079575    
   4141.14795       6349.96631      -19429.2598       139.585297    
   6048.01465       7144.58984      -18455.5332       70.9194794    
   4138.10449       6355.40674      -19130.9512       158.697052    
   4174.03906       6163.49902      -19378.5879       56.3698349    
   4129.12061       6134.59570      -19185.7988       69.0355148    
   3966.81812       6643.47461      -19065.5117       182.785477    
   3912.49683       6267.88574      -19111.0254       84.0638199    
   3863.76294       6568.31152      -18803.2207       108.867432    
   3868.88550       6154.77930      -18995.3418       83.5415268    
   3777.25757       6431.96826      -18792.0039       52.9966698    
   3658.49390       6565.62012      -18870.0312       107.054436    
   6255.98242       7251.57227      -18519.3965       158.465393    
   3587.03906       6396.41309      -18989.4727       112.000992    
   3587.14575       6616.46875      -18647.8457       131.795105    
   3488.56226       6315.57080      -18898.0742       44.8085403    
   3412.50000       6537.75049      -19046.1230       119.599113    
   3323.68066       6322.43799      -18924.7852       122.377274    
   6026.70703       7424.69727      -18364.7832       167.643036    
   6171.77441       7561.00342      -19011.7324       161.791489    
   3250.24414       6162.47461      -18899.2285       55.5107841    
   6384.68945       7098.47461      -18594.3438       55.1414833    
   3244.53540       6116.11816      -18767.8711       83.8035965    
   6319.49902       7084.75293      -18307.2324       118.808868    
   6107.58203       7863.63477      -19050.8945       150.032364    
