  -392.054504      -2087.28711      -369.162537       128.263199    
  -376.297729      -2337.14478      -365.700928       122.114243    
  -247.410980      -2130.67993      -497.299194       69.7867126    
  -71.8492126      -2127.40723      -388.229858       136.922562    
  -189.267700      -2396.17188      -273.138000       94.7553177    
   2.58587646      -2298.14160      -554.078064       112.469437    
   127.024246      -2206.10791      -379.178406       77.1480408    
  -455.148193      -2199.69141      -510.796875       63.2457619    
  -379.582397      -2531.97070      -549.487976       145.739441    
  -129.199829      -1987.42395      -541.629089       78.5207367    
  -158.624451      -2192.08887      -95.4259949       175.242813    
  -190.601456      -1927.58716      -298.476868       112.247398    
  -567.684021      -2496.79688      -574.597290       47.2629395    
  -223.412888      -2667.27979      -626.576904       74.8060608    
   115.611069      -2003.88782      -315.505615       99.0585556    
   198.616379      -2358.62402      -236.062408       143.914978    
  -55.3928375      -1818.46924      -312.598633       62.0729446    
  -458.996155      -2720.20508      -551.438538       58.5706177    
  -150.463226      -2778.77246      -573.307129       68.6854935    
  -70.8818359      -1791.27100      -496.892700       124.859726    
  -87.0806885      -2743.80176      -710.521790       86.4535675    
  -436.731873      -2824.06641      -459.669678       81.8019333    
  -644.198303      -2706.80762      -696.681213       177.171631    
  -145.534332      -1910.88184      -742.085999       136.672928    
  -668.623352      -2815.19922      -431.742371       110.121941    
  -517.609497      -2663.27979      -927.524597       89.6768570    
  -304.162903      -1779.53162      -539.884033       112.639450    
  -561.996521      -2884.06055      -275.382935       91.2718506    
  -119.297783      -2937.52295      -666.329102       114.838562    
  -547.943054      -2952.48779      -479.351929       78.7658920    
   86.2498627      -2271.18115       72.5863800       132.079483    
   306.784302      -2067.90820      -314.135803       102.554741    
   192.841843      -1935.98120      -638.969238       207.822128    
  -573.780090      -2452.97998      -1041.91870       156.224030    
   39.0917664      -1790.68811      -265.030334       47.2973709    
  -84.4525452      -2248.91626       190.100830       76.3540421    
  -529.142456      -2250.15967      -1111.41016       62.7679214    
   321.967346      -2244.51489      -829.470642       177.089066    
   478.550354      -2270.23706      -432.456665       188.031433    
  -472.446228      -3028.13574      -336.496216       89.0382767    
   128.416458      -1875.04309      -119.177765       136.120895    
   362.288879      -2504.30322      -896.763733       94.2858200    
  -161.796753      -1791.75439      -56.3312073       166.885071    
   183.060745      -1762.73340      -270.942627       60.4291496    
  -603.418030      -2155.73486      -1096.80688       58.2528305    
  -773.683960      -2674.36987      -924.575256       86.9384079    
  -329.441437      -1614.37878      -231.139465       133.322495    
  -421.783203      -3019.61621      -109.420746       143.776779    
   399.849609      -1821.85303      -518.781494       57.3621292    
  -192.695847      -3027.37939      -44.1607056       94.5505295    
  -1092.00488      -1911.55579      -54.6076965       49.8678131    
  -1235.69348      -1866.38892      -68.4216309       101.383469    
  -928.225952      -1948.14282      -147.244141       141.818619    
  -1289.05176      -2038.36548      -119.975769       85.9145355    
  -999.516113      -2015.29883       91.7565308       116.470680    
  -1232.59705      -1735.57385       50.8330536       75.6579285    
  -1161.08728      -2091.16870      -283.533875       128.361755    
  -1031.22522      -2166.34253       221.358963       85.0637894    
  -757.345398      -2105.30811      -53.9393311       108.395805    
  -1246.99829      -1902.54517      -246.487366       80.6674881    
  -1330.14526      -1992.21338       127.874062       150.181671    
  -1222.56616      -1731.88269      -177.491638       72.2839432    
  -1444.30408      -2109.62695      -150.614227       87.6388855    
  -866.659363      -1781.79309      -364.800415       138.884216    
  -1221.38696      -2339.60010       115.257782       193.212097    
  -1072.42847      -2020.13098       392.321442       143.637283    
  -1532.76428      -1901.29224      -33.5015869       124.342522    
  -1494.80579      -2125.26465       167.284882       65.1532211    
  -589.991943      -2051.61694      -51.5870361       67.3744736    
  -1290.84570      -2236.01074       341.242065       64.9040222    
  -1554.97449      -2030.84570      -235.403656       72.4975357    
  -645.111633      -2303.43213      -56.1329956       119.320595    
  -1407.52734      -1984.73071      -394.253418       149.088440    
  -1421.00964      -2227.43994       269.629578       82.9397812    
  -979.907593      -1738.05774      -518.643433       57.0901642    
  -825.533691      -1579.91638      -319.062561       72.1531525    
  -1539.94666      -2272.64160       60.3493042       122.443962    
  -1222.96033      -2603.58838       98.9927673       71.2812500    
  -1237.46545      -2112.81714      -615.139832       157.699112    
  -1499.16345      -1662.60779       48.9060516       130.393967    
  -1099.06946      -1629.69800      -501.496643       104.884445    
  -1307.19006      -2350.77710       426.364380       78.9165649    
  -1692.60950      -2158.05469      -59.6735229       103.037666    
  -812.765442      -1773.63086      -587.031982       89.9337387    
  -984.215637      -1909.65662       545.171753       64.5670090    
  -1245.38257      -2213.15186       520.435364       98.8760376    
  -992.362244      -1769.51282      -672.775391       100.711418    
  -1355.88513      -2629.45703       78.4970398       65.6798401    
  -1368.39795      -2461.89697       435.687805       48.2873116    
  -1431.93494      -2672.20898      -88.5683289       122.792450    
  -1562.50891      -1663.04395       222.525452       54.4198570    
  -725.522705      -1968.11340      -619.242737       125.641396    
  -689.182434      -1648.95569      -418.078613       89.1109238    
  -1345.95178      -2331.48779       555.535645       57.3169823    
  -1423.93860      -2749.95654       127.791855       81.2264404    
  -1362.06946      -2443.04395      -658.822205       197.946686    
  -415.266846      -2279.23755       144.482880       186.719177    
  -1537.73938      -2740.04346       46.6631470       58.8834953    
  -757.079895      -1483.74463      -247.540558       65.8691406    
  -363.705627      -2391.03564      -117.525299       102.773834    
  -1489.59314      -2442.84546       880.384216       156.981644    
  -1326.05664      -2315.68335       945.554199       60.1859932    
  -1293.93774      -2269.57690       820.956299       76.4961624    
  -1443.04370      -2288.34570       1040.67505       70.4632034    
  -1590.09326      -2269.69287       824.772278       50.8058205    
  -1356.30725      -2490.33911       1035.42261       52.9212494    
  -1120.84924      -2364.84497       845.091125       122.550522    
  -1523.48096      -2435.81836       1099.72827       65.0804825    
  -1463.18250      -2037.60291       866.696472       214.272690    
  -1133.78516      -2506.07617       724.399292       63.6714478    
  -1707.25684      -2350.71338       730.656128       119.927963    
  -1134.64233      -2595.23145       813.394714       62.3036499    
  -1470.78491      -2226.99829       1197.65820       100.342941    
  -939.860107      -2401.65259       861.822510       62.8943024    
  -1125.36450      -2717.84717       983.474487       147.566910    
  -1641.16626      -2477.44727       1154.60889       71.2737885    
  -1651.26685      -2198.79395       639.990784       65.6411591    
  -1645.82349      -2350.64819       548.433594       72.3723450    
  -1574.53601      -2556.40723       1235.49023       59.9346352    
  -1729.84082      -2568.52295       1102.87109       65.9694290    
  -1295.35815      -2047.92993       1221.72290       151.484589    
  -1681.13501      -2472.94482       530.558167       56.1708527    
  -898.312134      -2449.64111       730.003784       83.4102020    
  -1398.83826      -1954.78931       564.867432       105.254814    
  -1757.88660      -2281.64893       1167.75757       157.055069    
  -1764.35229      -2708.82935       1050.32520       87.7786179    
  -1746.84412      -2066.25903       1103.73828       67.9192276    
  -1352.42578      -1840.34668       685.986572       67.7212830    
  -1690.18384      -2027.88171       1210.60010       58.9732056    
  -925.434753      -2652.92261       777.473694       127.095413    
  -1657.21423      -2533.20508       1350.90259       83.9260254    
  -1955.65979      -2209.78979       1038.50269       89.8998108    
  -881.210999      -2368.05786       589.371460       80.0723343    
  -1716.06091      -1931.99390       590.059937       175.125427    
  -841.426941      -2240.88989       944.128418       142.793976    
  -1906.40845      -2044.91504       1108.78052       93.1426849    
  -1364.35950      -1863.96875       430.524597       60.5255013    
  -1743.74194      -1822.92151       1075.64209       177.053009    
  -1944.36511      -2614.62231       1152.66431       139.717728    
  -897.269348      -2539.03418       1065.37158       153.608307    
  -1398.58789      -1684.67078       703.031494       95.5445480    
  -1779.99438      -1953.54639       1313.13135       96.2820206    
  -1285.70032      -1648.01978       905.566040       139.207993    
  -2075.80737      -2430.59473       1037.44482       114.095177    
  -1731.55652      -1988.05188       349.310577       72.5503387    
  -2134.34351      -2254.64795       1081.81189       76.5638351    
  -1474.44287      -1574.66980       929.259888       64.6657562    
  -998.559082      -2799.78442       837.492065       47.5952530    
  -1569.71667      -1558.86414       795.692749       100.156471    
  -1655.01208      -2007.77539       236.431763       65.2468262    
  -1526.25134      -3035.77393       365.858215       92.9789352    
  -1711.70715      -2954.55225       328.925415       112.820137    
  -1501.23645      -3187.78003       429.945984       73.8697815    
  -1687.74512      -2969.76929       153.403015       64.9841690    
  -1816.03735      -3139.51221       457.286926       135.319458    
  -1832.03137      -3103.03809       123.053909       133.764755    
  -1715.08118      -2860.90771       139.598663       48.1034241    
  -1962.07861      -3054.80640       589.914795       79.3743591    
  -1596.89307      -2800.38428       165.906937       87.2633057    
  -2073.23267      -2962.59961       402.677856       157.091476    
  -1841.95557      -3101.25830       664.929443       69.6677628    
  -1882.29236      -2914.84961       710.879761       122.081589    
  -1336.13147      -3024.78784       394.451965       99.5880356    
  -1391.95447      -3220.54688       304.996643       95.3320389    
  -1282.16919      -3104.10229       508.758240       49.6434135    
  -2129.69360      -2896.11328       612.923096       70.5349121    
  -1263.50586      -2991.06592       206.400925       104.808426    
  -1233.84167      -2993.83350       582.780640       91.6850662    
  -1410.21021      -3363.76270       210.838715       77.0432129    
  -2124.51660      -3161.47705       634.110901       119.923195    
  -1339.22021      -3237.34277       75.9438019       121.000816    
  -1160.93042      -3156.92627       449.251801       95.3770599    
  -1121.32202      -3227.78564       196.510590       128.217087    
  -2084.73218      -2797.57227       556.691467       51.5018044    
  -1992.50354      -2699.36768       672.351685       122.994408    
  -1778.04468      -2925.73047       959.525513       147.759094    
  -1022.21295      -3152.74707       508.845520       55.6532021    
  -2044.17883      -3281.85620       134.950653       143.948059    
  -1000.16095      -3013.97168       640.429260       136.853455    
  -1063.86902      -3342.93652       596.950439       158.052719    
  -923.650452      -3062.38306       434.815735       87.8157806    
  -1078.62854      -3429.38672       198.859024       77.8682480    
  -1167.10132      -3265.86230      -70.2741089       106.649460    
  -1608.07251      -2836.62207       1054.10608       66.1992416    
  -1267.84155      -3477.76904       41.0885010       132.222855    
  -1008.90973      -3449.26025       306.813568       52.1621819    
  -916.982544      -3241.03271       153.836380       80.9537659    
  -1261.75562      -3179.77002      -200.961456       76.2508469    
  -1078.05139      -3617.38965       277.274139       125.818214    
  -2096.15186      -2918.15479       53.8693848       195.290680    
  -2147.68652      -2645.01953       380.727112       169.847870    
  -1500.39880      -2925.31128       1092.77832       78.5647125    
  -1078.75781      -3083.95239      -175.260437       121.205544    
  -788.760864      -3102.09180       467.372009       56.5087395    
  -2055.11646      -3021.28662       889.712830       148.443390    
  -980.517822      -3345.03223      -77.3344727       96.1506653    
  -1555.57336      -2656.18359       1047.97815       121.819733    
  -745.955078      -2929.57178       515.241394       127.573753    
  -2236.06250      -2994.91455       708.086792       93.7519913    
  -939.700745      -2925.63818      -122.245361       96.0773239    
   1252.10498      -1301.53552      -328.920715       149.228348    
   1241.85962      -1123.13721      -459.032043       71.8131332    
   1046.37268      -1163.87512      -488.106873       129.979080    
   1278.40881      -1174.95776      -146.998108       73.9545898    
   1302.46436      -1418.92126      -148.127441       72.1362610    
   975.900818      -1191.79553      -256.906219       113.330750    
   995.432190      -1432.93616      -437.542542       148.491516    
   1147.70386      -1286.57166      -646.238281       94.3623428    
   1364.01135      -1004.26660      -445.313843       99.1789017    
   1014.37274      -1271.42432      -50.8213501       110.925934    
   855.720520      -1060.00952      -507.539795       87.9949646    
   1279.06506      -1591.77319      -172.364899       103.968620    
   962.003723      -1048.92725      -640.323425       78.5883331    
   1176.41772      -1743.57715      -261.212677       99.6858826    
   870.809875      -1243.87976      -692.168640       142.794876    
   1349.01978      -920.881470      -647.257263       119.817802    
   1607.76050      -1012.59113      -473.845825       146.376938    
   1346.60059      -795.729919      -477.336121       91.2297287    
   1317.16602      -1829.87256      -350.753601       88.1241913    
   1158.49939      -783.714722      -537.425720       106.602371    
   1495.07275      -1804.03113      -326.654358       93.2593079    
   976.744568      -1492.22925      -856.584778       173.323822    
   715.049561      -963.034058      -443.423584       94.4999161    
   1123.30017      -734.953613      -345.229553       94.7833328    
   954.285095      -1386.85498       134.278625       115.340897    
   983.207947      -1900.45728      -286.627380       150.489990    
   1554.49695      -975.521606      -781.407898       131.588684    
   1256.26062      -1896.23169      -182.322083       89.7952118    
   1157.23145      -785.635498      -832.943909       179.436508    
   1354.25220      -1793.63452      -22.3489990       124.026871    
   1793.36536      -1048.92969      -586.421265       73.7251053    
   860.510193      -1822.72571      -118.860016       71.4172745    
   1741.83545      -921.880310      -260.538666       121.408203    
   1032.71008      -1749.43799      -979.602478       117.232552    
   845.141052      -1222.95264       146.867355       81.9771729    
   1560.83679      -1918.94482      -230.405914       70.4295273    
   1537.43396      -722.919495      -581.521973       138.060150    
   1845.74280      -981.235474      -498.026978       49.3182983    
   1502.50354      -641.247742      -322.196167       136.060928    
   968.885071      -1867.24194       8.92636108       101.949608    
   650.290955      -852.554199      -500.527588       45.7150841    
   609.544495      -1290.96606       59.1714630       178.451202    
   1063.88965      -1545.42712      -1156.13525       143.150742    
   889.059143      -699.971619      -716.413391       125.246605    
   1370.32227      -611.317505      -167.712830       69.4422684    
   746.347595      -1331.98877       260.991638       68.7931137    
   1697.57019      -1957.46777      -306.749268       90.8405151    
   533.986023      -906.524475      -657.493469       156.961533    
   1077.62451      -566.813477      -713.319702       82.3471451    
   1484.51379      -2098.73145      -227.423157       124.906769    
   993.883972      -261.737549       99.3503113       161.265045    
   817.312988      -321.650146      -18.4919128       59.3081665    
   770.548340      -457.934570       22.0620575       90.3774796    
   859.945251      -79.0738525       6.80464172       83.4177399    
   602.514099      -337.553467       29.4534912       116.461334    
   750.830078      -77.8786621       200.792694       139.155350    
   913.414490      -201.052612       296.445007       60.1020088    
   1040.12061      -402.485474      -57.4576111       54.4583931    
   518.084656      -390.354492       249.038651       124.649361    
   890.104553      -146.127930      -146.833496       86.9070892    
   604.610291      -62.4060059      -116.433533       194.976059    
   704.063110       21.2562256       372.301819       64.3915710    
   732.993835      -654.551514       97.1784515       123.423386    
   759.909546       158.727661       309.008362       96.9217911    
   968.105896      -452.296753       432.919800       223.761154    
   920.311951      -12.6749268      -187.756531       55.9120102    
   676.085266       191.145142      -54.2131042       75.7104111    
   814.081665      -441.326904      -246.726685       182.422470    
   1159.66394      -242.776611       435.222748       60.1364250    
   516.835205       166.896729      -79.9190979       53.2615585    
   1131.78967      -270.688110      -167.662231       139.392624    
   830.549988       214.814087      -129.440033       97.7198334    
   872.893372      -72.8657227      -402.916016       172.489136    
   752.801575       305.474976      -231.961365       59.6787987    
   1228.38782      -417.727539      -102.061890       48.3660088    
   740.116150       251.798462      -341.758240       63.1982498    
   1341.66699      -214.116943      -52.6432800       106.540451    
   882.726624       341.564697      -278.444214       82.9520493    
   739.532593       153.272095      -463.749023       93.6182175    
   509.678345      -653.742920      -91.2290039       168.755676    
   598.054016      -743.877258       169.066711       53.6528282    
   1007.28644       411.473633      -110.590668       137.453323    
   499.177124       143.492554      -420.116577       150.864548    
   735.721924       417.708496      -265.402283       58.6635361    
   1156.32751      -630.047241       275.669250       79.1372223    
   828.812073       325.537720      -455.473633       98.7768021    
   705.666809      -568.352661       535.213684       80.8859711    
   1234.93518      -638.566772       37.2977142       172.009766    
   461.041809      -738.925781       149.721832       84.8048477    
   959.951111       253.356079      -537.193909       71.7708130    
   535.299866      -699.359802       277.881439       68.5079727    
   1268.63916      -32.4541016       542.376831       199.858231    
   376.228943      -598.722900       280.796082       119.747734    
   748.447144      -683.632446      -468.157593       152.314682    
   444.403625      -619.423340       443.411377       57.7903633    
   823.563660       489.389648      -384.605896       79.8212662    
   1157.65942       302.215332      -506.585022       134.170700    
   469.702332      -772.697815      -299.473022       74.3761597    
   1077.06348      -883.824524      -64.3744812       136.889664    
   284.920471      -719.250183       77.8072815       106.447075    
   419.867920      -1066.83398       1054.54858       61.9537773    
   389.286438      -927.792175       1077.59351       82.2628098    
   310.947205      -737.322571       1088.29492       123.963272    
   545.514343      -1012.33350       1139.03870       98.9654541    
   341.231506      -1067.68433       884.661194       125.251259    
   319.701355      -659.624329       884.182800       94.6167908    
   379.964600      -753.915161       1275.45703       76.2020340    
   457.508545      -551.983521       1059.40527       114.090347    
   361.996033      -927.601929       1408.00024       143.025955    
   716.304138      -1078.42480       1191.42163       91.5263596    
   436.956665      -739.251770       769.273682       87.8524933    
   546.072449      -1247.40430       1242.66357       153.751617    
   553.628296      -866.251526       1581.61401       122.751656    
   857.041199      -850.317200       1268.78345       187.450714    
   205.442795      -535.929688       1068.35876       104.275070    
   717.746033      -778.099792       1576.70532       63.6072769    
   110.580185      -706.658203       871.479980       120.105049    
   244.443192      -670.068604       759.827148       51.1165504    
   574.591675      -692.344238       704.039856       71.5213699    
   387.069885      -1409.68774       1368.18823       105.819382    
   323.761108      -522.270508       772.796265       82.2735748    
   320.852905      -1244.14685       1586.07520       175.730759    
  -56.7255096      -863.318481       909.256409       112.188248    
   665.293396      -699.534973       1690.60449       84.3631134    
   724.358521      -534.646606       934.970581       180.868347    
   515.976379      -877.304016       620.531250       129.926010    
   522.169495      -1302.19214       1723.23438       74.7046738    
   350.899414      -1588.86914       1353.53320       77.5618820    
   737.456299      -1398.39124       1595.39478       193.521088    
   599.215271      -1062.02466       613.965210       72.7914124    
   343.951416      -1039.60522       577.441650       110.481354    
   563.244141      -1135.76050       1858.55566       143.695755    
   450.711487      -641.010132       622.106995       85.6270752    
   959.470032      -549.547119       1048.00452       80.4323807    
   576.568848      -528.887085       649.238586       85.1108017    
   795.158020      -1555.51489       1352.03931       101.853928    
   95.6768951      -1432.78760       1581.19434       118.062363    
   739.103699      -1598.32886       1057.87354       200.648407    
  -82.7567444      -1052.25293       729.421387       149.947876    
   982.818665      -1549.38062       1200.16772       85.7829742    
   699.586609      -1103.50293       455.727142       119.126320    
   204.485031      -352.007324       1208.04004       126.673820    
   465.883484      -1774.06226       1033.49719       125.127411    
   657.354187      -817.420044       447.984436       101.038658    
  -222.605576      -839.903687       952.637817       60.8655052    
   118.584549      -1300.42273       1788.81885       116.125656    
  -207.546631      -872.182739       795.212585       77.1075439    
   609.865723      -1834.82678       1100.38904       44.8690872    
   695.015869      -1281.78149       383.562897       73.2617645    
   982.287415      -1665.40625       1338.12573       94.4762878    
  -340.436523      -1305.83643       917.072998       102.812637    
  -498.506348      -1425.55029       896.061646       96.5783310    
  -596.968262      -1569.96423       906.226379       78.5018616    
  -282.460144      -1297.74707       716.277771       106.343842    
  -538.184692      -1690.06213       906.337158       55.2065430    
  -177.470993      -1490.85754       958.079773       147.130173    
  -201.200928      -1480.02466       648.814331       104.324326    
  -388.635071      -1306.74402       528.841492       109.255470    
  -631.202454      -1587.18530       1095.08228       114.204514    
  -314.193359      -1670.55835       528.996338       147.516663    
  -239.316376      -1847.45044       1026.31763       221.158218    
  -475.072571      -1159.73462       639.134705       93.8413620    
  -406.596466      -1957.16528       847.476257       47.1730232    
  -286.130951      -1546.71338       365.089355       59.8208847    
  -528.096252      -1600.25635       315.629883       162.679474    
  -119.452568      -1440.19189       386.450012       139.133652    
  -368.369202      -972.789307       707.342834       131.956741    
  -478.317627      -2044.48694       710.456665       130.424728    
   82.2139130      -1506.39062       583.835693       150.715775    
  -713.994080      -1783.72888       349.664185       100.729156    
  -294.941833      -1526.25024       190.136353       112.247910    
  -490.802673      -1930.50000       1199.61743       95.3451920    
  -572.408997      -1120.53149       438.354156       132.702286    
   78.9927216      -1792.31909       1106.62952       111.722038    
  -717.440063      -1030.29297       626.019836       121.053719    
  -864.410767      -1708.62268       349.118866       67.3964157    
  -293.392670      -1028.21509       451.184570       140.646576    
  -847.269836      -1306.72937       332.902954       215.644745    
  -37.7324371      -2088.26318       812.794739       158.603592    
  -569.405090      -1989.07727       288.394928       157.782394    
  -468.227234      -977.677490       344.211975       67.6073990    
  -33.1209564      -2022.75269       1118.56860       64.7728958    
  -208.509842      -1219.38696       164.196014       186.564362    
   7.24925232      -1876.28760       1266.51892       82.5961304    
  -749.323242      -1514.38525       136.803925       86.2969589    
   33.6944427      -1564.33020       178.447418       147.440201    
  -170.815842      -1499.16174       30.6463013       91.6483612    
  -987.654358      -1131.04529       474.910583       50.3219490    
  -143.430542      -2120.87793       1179.81519       95.0660782    
  -1014.38562      -1791.77673       277.905975       118.288681    
  -203.663681      -2289.09375       890.713135       113.315979    
  -86.7586288      -1772.60767       1390.26611       104.223755    
  -678.858704      -1435.97083      -54.6312866       132.242599    
   6.44549561      -2174.54565       1006.72876       58.2105293    
   348.395447      -1574.77930       463.248962       149.400665    
   178.980209      -2036.17126       1089.72510       149.700470    
  -868.677429      -852.142944       709.459045       127.084862    
   200.793747      -1830.00793       1241.56299       73.9132843    
  -934.195557      -1540.13855      -2.80534363       146.795547    
  -65.1166687      -1973.01086       1393.32715       92.5354080    
   2876.90479      -5053.64600      -120.876930       60.7992477    
   2939.32031      -5142.89990      -255.745514       112.533821    
   2795.61865      -5205.05078      -400.607391       100.776039    
   2977.60156      -4996.09229      -30.1248550       86.4549561    
   3158.67090      -5203.59912      -170.570953       130.474030    
   2742.90771      -5151.92578      -165.591675       103.757652    
   2922.91650      -5041.18311      -471.780792       118.582870    
   2655.79028      -5037.99561      -293.888153       88.6847916    
   2851.22070      -5249.53564      -598.564880       109.578773    
   2797.12646      -4897.11230      -109.004860       115.306282    
   2989.24121      -5349.16748      -723.382202       101.524010    
   2957.17603      -5448.01318      -104.434151       193.135376    
   3354.35327      -5189.39941      -344.302826       131.552963    
   2598.56299      -4907.26074      -309.291107       54.8571663    
   2676.26245      -5139.72656      -731.177490       135.900421    
   2595.59375      -4823.34619      -393.167267       63.8273544    
   2491.89014      -5360.74707      -173.918823       222.893738    
   2815.39819      -4707.01758      -224.687164       107.948135    
   2732.76270      -5448.56152      -758.426331       171.864349    
   2661.08496      -4771.47168      -123.909843       70.4789200    
   2486.50781      -4825.58789      -294.580139       83.2374191    
   2528.95166      -4821.84180      -117.666924       71.1258926    
   2491.88623      -4716.07715      -521.318298       132.880630    
   3394.16919      -5050.57520      -230.096436       52.5690918    
   2656.52051      -4893.36865      -839.173218       133.821457    
   3403.19214      -4944.09619      -209.640259       56.2389183    
   3177.27319      -5329.45312      -792.818298       99.8510666    
   2532.58813      -5088.24072      -892.181702       85.9900055    
   3259.61597      -5168.64111      -849.308899       89.4439011    
   2490.04346      -4768.90625      -764.280945       87.1560669    
   3168.72119      -5060.85742      -941.123535       78.7964706    
   2632.00195      -5128.32617      -1012.75549       75.3646164    
   3159.47705      -5216.26758      -985.611816       83.1201324    
   2483.41211      -4539.04688      -411.996429       75.3677673    
   2583.41455      -4965.47119      -1033.42456       85.9131241    
   3157.24561      -5572.18896      -772.841370       144.515244    
   3264.07056      -5513.00391      -28.8861923       129.529495    
   3469.96265      -4818.93164      -189.850525       86.9969482    
   2397.98730      -4903.65527      -911.777222       132.833557    
   2624.55518      -4686.63330      -975.918457       116.109177    
   3197.74512      -5695.57275      -582.630310       85.8003159    
   2162.32251      -4904.60742      -688.090820       192.106934    
   2836.77881      -4565.77539      -1063.10742       143.219788    
   2570.35596      -5438.40918       104.690598       76.7957611    
   3170.58545      -5321.82959       165.578339       158.736115    
   3191.50391      -5738.22949      -376.043335       125.220634    
   2461.68799      -4963.94873      -1147.88562       81.1964645    
   3014.70654      -5758.27881      -793.780273       90.7990723    
   2298.83569      -4750.75879      -1014.44141       76.3647079    
   2172.24023      -4764.95605      -910.170044       70.4174728    
   3616.78540      -4674.72803      -560.444885       135.283966    
   3683.31421      -4820.15967      -769.876221       128.223892    
   3810.56982      -4617.47412      -594.951599       69.6930237    
   3704.95288      -4754.69434      -367.427734       91.4666901    
   3868.00879      -4899.45312      -727.280762       77.1944504    
   3696.05249      -4492.10645      -599.401062       67.5825272    
   3564.67920      -4943.43213      -831.985474       53.7911301    
   4075.72632      -4917.20508      -716.181274       131.553314    
   3777.42334      -4544.25928      -442.152679       102.968750    
   3668.10938      -4781.34912      -232.730164       50.6878090    
   3853.07275      -5053.30664      -840.976746       114.679649    
   3377.55957      -4708.37451      -654.590088       124.010231    
   3563.79297      -4932.25000      -955.688354       70.4221725    
   3646.63379      -4616.08936      -220.631622       116.391754    
   3791.52368      -4319.57275      -748.843811       179.827026    
   3334.40845      -4526.88574      -604.823059       69.0638428    
   4260.21826      -4834.74805      -672.646667       75.2014236    
   3896.85986      -4875.32812      -1093.23145       197.147232    
   3385.41528      -4595.39111      -345.110352       173.665817    
   3501.26514      -4863.31201      -1082.05188       86.5150986    
   4293.12305      -4669.93164      -678.795715       92.9640579    
   3585.69067      -4734.53027      -108.685524       57.6222420    
   3175.86719      -4585.24219      -552.086609       107.889923    
   3288.14111      -4852.89258      -955.852295       161.483139    
   3706.56006      -4668.38672      -1147.62988       89.2009964    
   3071.45361      -4816.17334      -506.334503       149.666183    
   3635.74805      -4902.61719      -1159.30420       73.4150238    
   4219.96240      -4500.64062      -704.930054       93.3219833    
   3573.91650      -4157.09473      -848.076172       109.298561    
   3971.34131      -5131.27295      -1005.24133       83.5750809    
   3496.09912      -4806.60352       17.4411240       113.048386    
   3644.76855      -4082.57886      -600.727722       135.838669    
   4273.40039      -5003.89502      -636.851562       98.1991959    
   3417.13184      -4140.35840      -826.504089       49.8372650    
   4298.60938      -4482.62842      -539.657349       90.6024628    
   3861.47363      -5232.69336      -1012.37195       66.1009827    
   4333.07031      -4675.17627      -860.290222       92.9322815    
   3946.40869      -4231.25928      -1061.59607       180.179031    
   3096.76172      -4823.03027      -1057.76135       57.3545570    
   3882.03662      -4000.41699      -885.377930       117.292061    
   4143.32227      -5164.15723      -918.632080       111.804375    
   3928.64917      -4826.50586      -1376.45044       92.0139465    
   3721.09717      -3906.69824      -455.657928       104.556404    
   4421.91455      -4852.89209      -564.751709       120.038757    
   3018.83252      -4872.11914      -711.206055       69.1156006    
   3590.92017      -4637.31592       70.3117065       88.0533752    
   2958.70068      -4496.60107      -588.013733       129.392273    
   3745.45801      -5209.55518      -1204.74097       159.731400    
   4158.06641      -4994.35254      -1236.28906       123.588943    
   3807.65601      -5394.71875      -914.859497       130.523651    
   2322.40186      -6204.45410       569.135010       96.8498917    
   2341.50586      -6035.82715       497.332581       87.4147263    
   2345.55957      -5850.50146       446.300659       104.857491    
   2447.77222      -6194.87402       708.000732       90.4890213    
   2332.81738      -6235.23291       306.144531       168.107101    
   2279.87061      -6340.08105       698.581665       95.3841095    
   2069.27466      -6393.52344       322.847656       139.761810    
   2245.59839      -5888.57666       223.214996       142.518921    
   2123.39062      -6037.70215       713.349792       200.163773    
   2274.76221      -6485.04199       264.802185       91.6558838    
   2499.92188      -6461.69141       364.903473       119.366417    
   2679.08984      -6179.20654       367.638397       188.009613    
   1956.73193      -5852.02100       515.612000       118.162560    
   2486.93799      -5678.58789       531.312805       133.391327    
   2118.84473      -6590.01123       457.985931       103.790321    
   2751.69775      -6081.99756       143.668793       66.7073059    
   2209.79932      -5687.69238       139.361877       78.0870132    
   1958.87451      -5683.51855       415.023529       78.1175766    
   1939.45532      -6233.33691       877.228882       114.410576    
   2004.75024      -6614.95312       326.978729       71.6944275    
   2354.34277      -5518.49219       466.703888       84.2672729    
   1728.72180      -6201.96826       644.529480       201.009369    
   1949.07422      -5556.44531       558.290588       113.634811    
   2179.88721      -5471.64600       541.799744       111.371017    
   1759.33264      -5621.61133       621.712524       96.7846451    
   1879.30786      -6242.51123       1074.45837       91.9632111    
   2388.62451      -5509.93750       236.963135       148.156738    
   2548.08765      -6646.77783       425.178497       81.1891479    
   1780.22986      -6329.45605       992.630249       63.1522903    
   1852.09192      -6634.26611       252.007568       99.4635849    
   1842.56189      -6043.42969       1123.01794       116.265556    
   2538.16748      -5591.69092       83.3963318       81.2597122    
   2291.85254      -5330.43066       497.967133       74.0943832    
   2705.15479      -5586.06445       259.529999       161.508759    
   1629.27136      -5624.27588       751.310852       86.8264771    
   1627.46277      -5533.02246       447.388153       139.092300    
   1522.12500      -5733.54150       793.702576       71.9530487    
   2397.47363      -6717.96924       237.655670       169.633377    
   1466.45056      -6187.93994       766.642822       88.6325989    
   2527.74097      -5345.68408       633.383362       198.329987    
   1831.09692      -6409.66406       1076.79358       63.7654610    
   2194.55737      -6810.39746       550.614807       147.011093    
   1723.45984      -5525.12793       942.571472       148.286255    
   1552.74426      -6519.79590       615.005981       163.499329    
   1627.02014      -6606.36035       220.508575       129.484146    
   2175.74780      -6814.85059       133.152374       93.9299850    
   2684.32324      -5666.85547      -72.2253647       145.116531    
   1514.02429      -5511.31348       739.051331       74.9823380    
   1871.68701      -6274.25195       1287.54626       123.654640    
   2513.65332      -6690.10303      -1.52039337       97.7208176    
   1178.46301      -5528.44727      -1261.57715       114.413094    
   1350.87634      -5565.78223      -1073.12280       143.775177    
   1099.27795      -5668.63379      -1145.32605       84.1692123    
   1229.92908      -5794.39648      -1279.46899       141.396179    
   1200.89490      -5685.95703      -942.603760       88.5405960    
   1424.21729      -5556.36230      -1266.88171       63.6326675    
   1033.43311      -5834.57812      -1317.72717       62.7995491    
   1315.78625      -5743.86523      -822.459778       87.4989243    
   1516.48364      -5816.88818      -1229.76978       150.287491    
   1487.07373      -5571.88086      -848.918579       118.653748    
   1088.20593      -5452.48535      -1013.13354       148.536972    
   976.463501      -5509.34229      -1256.52356       88.5562668    
   1483.21326      -6014.26807      -1282.01514       56.5582695    
   1309.97302      -5270.18994      -1126.91809       159.477509    
   1146.74805      -5265.91602      -993.807129       47.9771194    
   1118.20801      -5399.19727      -785.665649       87.0114899    
   1362.23425      -6116.18701      -1072.55603       205.937057    
   1694.18042      -5897.50684      -1218.96826       45.1483536    
   960.507324      -5481.81543      -777.338013       91.1963806    
   1747.66516      -5798.30469      -1114.59375       108.476448    
   1558.36670      -5793.30078      -1534.87512       158.537369    
   1309.34180      -5191.26074      -1373.80957       99.7715073    
   1092.49854      -6126.38037      -1182.17981       85.3651276    
   1613.89722      -6053.55908      -1143.52539       62.9507141    
   2134.79004      -5909.94043      -770.337952       150.900955    
   2138.35083      -5878.79688      -563.090942       58.7071075    
   2097.93286      -6151.28809      -766.437622       93.2941742    
   2112.63574      -5743.08301      -882.756714       51.4952545    
   2056.79834      -6004.13086      -471.659760       116.553116    
   2289.12500      -5780.71729      -473.538910       142.184586    
   1967.81665      -5810.82764      -358.771179       124.313927    
   2399.21875      -5940.26416      -358.981415       82.9607697    
   2155.86694      -5616.18408      -762.455200       128.564133    
   2131.37744      -6066.30762      -315.836761       67.0398331    
   1968.58984      -5750.27441      -975.755371       120.120621    
   2010.62830      -5587.56348      -253.711365       126.085541    
   1939.38599      -6122.72656      -728.345337       72.2487488    
   2369.21313      -5980.80713      -215.745514       68.8950500    
   1820.58813      -5575.83887      -849.527466       141.111404    
   1885.07397      -5898.91406      -973.933838       50.3606567    
   1638.31433      -5602.09473      -681.574219       108.107628    
   1728.21179      -5422.36230      -711.695312       84.8788757    
   2204.56958      -6168.02051      -897.582031       76.5530014    
   1641.67505      -5740.01074      -874.178833       102.912758    
   2512.63623      -6078.54639      -304.865662       103.936958    
   1758.05884      -5315.24512      -532.972900       125.606606    
   2255.10278      -5932.40723      -52.0648270       136.399689    
   1499.22754      -5895.25635      -638.638062       213.088089    
   2183.11304      -6056.75977      -1031.45764       98.8322754    
   2278.21045      -6272.51270      -710.130432       131.131622    
   1434.07996      -5727.52246      -347.014832       129.485245    
   2085.86426      -6329.20410      -350.587982       202.038696    
   2080.19287      -5993.82520       68.7549744       84.8703461    
   2452.81689      -6060.32275      -889.504822       194.174011    
   1712.19629      -5158.36523      -608.624756       54.5083542    
   1836.18823      -5105.64844      -392.967316       138.268723    
   2660.09521      -5855.31885      -849.867249       100.027481    
   2644.22876      -5931.69873      -252.486664       100.106453    
   1894.16858      -5832.88379       141.385239       171.600342    
   2548.64868      -6167.57422      -162.133850       68.1009064    
   1461.22913      -5710.13135      -128.983429       90.9242249    
   2434.88330      -6151.59668       18.9777985       146.380234    
   1394.72815      -5540.27930      -433.126984       80.2983856    
   2852.21606      -5806.21875      -360.554718       165.723312    
   2828.17236      -5852.90088      -882.835693       71.2781143    
   1922.04907      -5060.27295      -590.391357       81.7642365    
   2100.52100      -6431.25000      -50.9799118       114.816460    
   2394.87256      -6187.44336      -1116.63733       72.4549637    
   2707.27148      -5808.27295      -1091.36780       150.513702    
   2956.27637      -5582.39941      -344.676819       81.5787125    
   1659.02893      -5410.35938      -985.171875       126.976929    
   2634.95850      -5641.63281      -1197.63574       59.9512291    
   1851.20874      -5309.78125      -1119.82471       128.338638    
   1552.40601      -5796.44141       44.8843002       123.553207    
   638.742859      -2603.49146      -784.132446       172.348969    
   849.835205      -2586.28638      -683.514832       62.1844902    
   957.504333      -2697.53711      -704.189819       93.9641495    
   649.331726      -2407.54614      -621.979126       82.2298889    
   900.466064      -2766.34302      -518.525452       112.094292    
   885.172241      -2657.13379      -914.358276       111.493065    
   1164.28320      -2568.83618      -683.240906       150.504684    
   863.432983      -2528.53394      -321.413605       199.033936    
   1303.06580      -2714.33252      -613.511169       62.3322258    
   1123.99170      -2905.92822      -872.281128       221.352081    
   1113.41833      -2615.61035      -173.130493       104.430626    
   1225.85742      -2265.61670      -600.459534       169.791550    
   937.940063      -3011.95068      -560.779114       139.918091    
   860.853821      -2258.14917      -767.944824       215.043228    
   839.588867      -2839.16504      -943.550415       78.4003906    
   704.345215      -2941.54785      -648.745361       119.445923    
   561.569458      -2713.95264      -520.983643       123.306892    
   1210.05823      -3106.30005      -641.235107       96.3625336    
   1099.42664      -3104.87354      -388.067383       114.176941    
   1399.95190      -3057.36719      -683.117065       104.149101    
   876.353333      -2835.97729      -1095.42688       77.8870010    
   623.034912      -2781.58643      -964.013550       81.2663879    
   1299.77185      -3133.45947      -481.677521       88.7083588    
   1038.46570      -2083.68286      -476.674957       119.218552    
   1070.59644      -2752.50977      -1248.34167       183.033066    
   618.144226      -2928.78784      -1085.29456       109.545876    
   883.009644      -3199.94287      -341.983276       126.660263    
   1474.30811      -3096.84570      -818.341125       55.1497269    
   539.761230      -3071.87061      -960.732910       95.7006836    
   1337.10925      -3271.83765      -630.976868       112.571289    
   851.110352      -2468.15479      -21.2765884       107.379623    
   1209.68982      -3354.95923      -724.350098       65.9529724    
   829.495789      -2314.33447      -62.8179703       53.4156494    
   711.270813      -3273.65625      -300.256256       64.8456039    
   664.895142      -2520.06372       12.1413422       88.8409271    
   1318.39258      -2089.45093      -686.244629       46.8869171    
   1030.12463      -3427.06006      -775.245239       134.137238    
   511.338806      -2789.03662      -1186.44604       93.4013290    
   838.922607      -2900.82764      -1370.87732       118.118668    
   485.376648      -2492.02686      -1202.74878       205.169464    
   723.389771      -3261.59326      -189.638702       47.1100883    
   1550.68262      -3072.87549      -953.585449       102.014526    
   621.868164      -3170.49854      -133.179596       100.492264    
   201.733643      -2704.92603      -1032.51575       188.238754    
   1618.57446      -3074.34912      -741.355652       109.931816    
   218.472168      -3082.67920      -972.800903       194.557266    
   786.756042      -2189.03540      -94.1910934       82.6100464    
   1698.32397      -2946.60742      -632.476746       75.9345551    
   99.5711670      -2500.33887      -868.061768       93.4371109    
   267.830322      -2642.98193      -1282.31616       71.3563309    
   524.612183      -3720.88428      -470.913910       129.169327    
   379.207947      -3604.60547      -425.279266       62.5295219    
   288.431824      -3625.64746      -602.190613       137.408798    
   499.583618      -3437.03418      -500.329010       157.027100    
   546.765747      -3710.12183      -255.144287       88.0248566    
   368.124695      -3844.07227      -572.853699       94.5728226    
   745.569824      -3674.65454      -574.300964       119.139442    
   357.293640      -3409.65918      -305.253113       85.9833832    
   472.246094      -3836.92383      -707.552124       75.7854919    
   749.848145      -3774.44092      -791.416992       119.850372    
   234.267334      -3413.96680      -434.407806       92.4351654    
   409.003174      -3860.91260      -886.389954       115.509415    
   829.975525      -3681.22363      -351.982361       118.761086    
   714.627502      -4017.47412      -827.753235       128.408081    
   399.918091      -3902.57812      -184.218292       164.237381    
   227.973389      -3528.10669      -252.941376       96.9959412    
   945.431885      -3656.01782      -766.353577       110.168442    
   337.215515      -3265.58984      -606.610107       101.912292    
   625.505432      -4213.75537      -746.690796       101.877846    
   487.147766      -3224.60205      -653.808105       60.5529022    
   510.765259      -3266.66870      -339.259491       77.6776886    
   644.696045      -3534.36206      -103.412392       163.974442    
   683.054199      -3939.78809      -1001.89246       64.8677216    
   452.277405      -4250.46436      -723.990906       76.6849518    
   305.623596      -3574.03516      -15.5265121       157.029373    
   595.056885      -4102.39258      -63.5056381       140.003754    
   461.233154      -3763.00049       92.0388031       110.323395    
   247.718994      -3281.34717      -166.139069       132.698685    
   177.567749      -4002.87280      -28.2093124       125.297615    
   438.108521      -3116.75830      -633.787292       59.6163445    
   508.428833      -4355.78076      -597.793091       97.0082321    
   45.5798340      -3612.32251      -40.2113113       106.967331    
   587.881897      -3766.90430       191.820099       50.9509315    
   834.453979      -3657.06445       114.483727       149.908524    
   573.817444      -3927.42627      -1086.15491       73.6539688    
  -84.5888672      -3538.20288      -214.111023       122.568634    
   436.901062      -3033.99121      -523.440857       78.3116074    
   37.9149170      -3224.41016      -260.924866       104.433655    
   320.272400      -4289.78271      -786.457947       74.6056442    
   389.837341      -4280.10693      -9.59883881       136.767761    
   1075.12512      -3776.72876      -805.801819       71.3648148    
   482.547119      -4364.72705      -809.197693       69.0419693    
   1111.36365      -3962.75708      -743.445129       128.130768    
   152.296631      -4172.01074       134.701630       110.896149    
   471.486694      -4331.94580      -942.905273       69.0979385    
   393.060608      -4325.53369       173.530212       51.9600945    
   164.441895      -3101.74561      -386.044159       111.683311    
   71.9598389      -3209.55029      -44.9708786       92.5128555    
   334.476807      -3145.23486       45.1903458       133.244019    
   1201.24817      -3808.83691      -715.584229       52.2893066    
   1185.13550      -4745.11523      -185.089691       96.0056839    
   1405.53491      -4762.34912       31.0532761       213.164932    
   1102.54883      -4879.50635      -177.618530       61.9104156    
   1061.54211      -4682.82178      -290.511963       77.9495239    
   999.342651      -4961.87256      -89.6637192       96.7501755    
   1018.86200      -4607.84180      -61.8254623       152.364258    
   1087.95752      -4722.57129      -414.683990       55.0482216    
   857.856567      -4669.99658      -387.598083       148.069778    
   1135.99829      -5066.83008      -10.9411087       92.7133942    
   1438.62122      -4892.65527      -238.220734       87.8027649    
   1094.92871      -4987.49072      -500.536407       223.548126    
   1091.27991      -4649.75684      -510.324066       65.2028503    
   971.386292      -5217.66211      -86.5390396       143.016113    
   899.027588      -4460.17236      -232.937653       103.457497    
   1280.73633      -5102.84277       68.1575928       76.0984955    
   1042.10535      -4373.20605      -248.154968       64.6745911    
   806.927612      -4463.43359      -78.7565384       76.1425705    
   915.093384      -5307.02344      -281.605652       78.8377609    
   1035.13892      -5051.24609       222.535095       162.112427    
   1013.13062      -4419.72754      -477.524200       159.898834    
   1535.80981      -5078.43066      -175.779846       130.993195    
   1190.87451      -5255.04932       125.696899       109.788040    
   732.526489      -4497.90918      -215.790131       68.1236649    
   1460.24817      -5212.75195       114.275398       139.411926    
   944.953735      -4355.25928      -126.095192       53.1567154    
   1157.10120      -4588.24561      -637.580994       90.7360153    
   1535.09399      -5095.47998      -479.699005       173.409134    
   702.336792      -4499.51465      -3.91219330       57.4319191    
   1017.78815      -4892.99902       432.633820       101.522675    
   1412.59375      -4519.87207       214.948883       91.2407303    
   855.080078      -4351.17822       16.7723618       78.9017944    
   1735.77246      -5029.21338      -122.601830       81.7366257    
   1212.24133      -4518.98926       360.015869       156.102722    
   1469.79370      -5334.61328      -488.296906       74.6623230    
   1060.22559      -4603.45117      -767.007263       71.6996078    
   749.627441      -4385.43311      -369.298859       112.182213    
   1552.82642      -4814.10449       330.070038       124.182594    
   1065.83923      -4206.15088      -104.193703       140.028839    
   641.185669      -4350.38037      -45.4014359       109.014008    
   1395.39209      -5365.56055       205.720490       50.0581398    
   1024.71387      -4795.49561       557.401672       56.9409485    
   643.859497      -4544.73877      -539.441528       142.710770    
   875.149048      -4201.56396      -304.479095       119.661728    
   571.857361      -4352.11719      -247.594391       104.759598    
   1741.78491      -5188.49121      -87.0340195       81.5919189    
   1537.00769      -5170.73535      -693.914001       53.7015038    
   1233.16260      -4242.00732       284.336639       131.790710    
   983.945435      -4187.25439      -581.596191       96.4523163    
   1610.33252      -5102.50146      -689.571594       46.5539360    
   1079.61267      -4947.91748       605.674988       90.2488022    
   2054.68555      -3970.58447      -586.164307       130.973816    
   1819.00183      -3883.58130      -630.798767       124.203072    
   1938.47241      -4136.63721      -566.595703       72.6674347    
   2067.76855      -3986.25977      -824.638062       108.367279    
   2251.58008      -4004.03516      -494.951263       88.6311264    
   1889.58264      -3928.67017      -811.537354       74.9981918    
   2055.95435      -3795.03784      -863.809143       87.2140656    
   1887.94482      -4283.22803      -498.716217       96.6172867    
   1762.02930      -4131.50781      -826.439514       165.081909    
   1616.79248      -3810.60156      -774.176941       134.192871    
   2190.32471      -4027.58105      -330.662628       88.3296585    
   2045.70898      -3680.84766      -968.417847       67.9854736    
   1553.85999      -4159.22021      -840.022461       45.3844566    
   1481.70056      -3875.58960      -643.803711       64.4828186    
   1933.01038      -3972.02954      -245.121613       188.500198    
   1427.61401      -4037.70972      -593.860413       113.573959    
   2445.89697      -4000.73242      -643.482117       156.032761    
   1934.07983      -4495.61670      -596.718262       141.779083    
   2483.66919      -3979.68970      -851.854919       56.7465134    
   2166.95898      -3806.50562      -212.465515       100.014099    
   1384.04102      -4129.15137      -761.703064       82.4708939    
   2078.59229      -4251.52637      -205.461029       129.122971    
   1957.26147      -4562.48877      -347.913086       116.927811    
   2111.74854      -4207.07227      -34.5243149       50.6116791    
   2263.87109      -3652.06934      -190.212646       83.6818314    
   1528.39758      -3634.89575      -861.169617       80.8313217    
   2511.11035      -3993.09937      -987.641846       82.4141541    
   1415.96362      -3698.40063      -672.936157       117.133377    
   2671.66943      -4107.48438      -576.415833       102.514854    
   1709.04346      -4493.69922      -222.394958       169.616714    
   2208.03027      -4618.10449      -307.266327       143.203140    
   1456.82776      -3598.74561      -482.084991       102.000893    
   2670.43506      -3843.90332      -475.444672       165.266983    
   2524.89990      -3809.53271      -1066.03015       117.684319    
   2107.45654      -4361.31445       18.6540527       112.609482    
   1323.06702      -4259.37744      -556.286316       134.362640    
   2433.21997      -3662.25708      -1136.73779       69.6200256    
   2343.03662      -4537.54639      -141.369659       85.3675156    
   1615.59070      -3421.95850      -486.780304       135.699585    
   1330.19299      -3756.13818      -391.517365       119.375626    
   2077.97852      -3505.94434      -7.89669037       214.863892    
   1739.32617      -3286.53735      -358.151947       88.3762665    
   2632.58594      -3697.97461      -896.455933       112.133316    
   1368.33423      -3537.35083      -269.261139       134.125900    
   1149.84851      -4015.45752      -372.198578       197.039719    
   2490.28589      -3478.04199      -936.568604       152.918259    
   2637.88477      -3558.13818      -819.037048       47.8010597    
   1909.61121      -4725.57129      -191.807678       113.815117    
   2759.58740      -3663.93701      -693.437073       129.725677    
   1302.34985      -4402.67578      -257.794312       197.387512    
   817.790527      -3992.31665       1509.47815       74.9893646    
   968.936646      -3927.96240       1443.55676       101.995537    
   939.252075      -3867.93701       1227.85986       123.869347    
   723.153198      -4128.41797       1520.71509       91.1498871    
   973.442383      -4090.46582       1173.39429       107.809448    
   1167.06763      -3920.31152       1467.89563       97.7587280    
   638.001404      -3929.63721       1362.24585       165.692245    
   579.995850      -4177.99121       1485.96204       64.2757645    
   899.725952      -3849.43457       1670.03442       147.478729    
   446.681702      -4031.95679       1549.51819       120.913460    
   1220.90845      -3805.35742       1576.58130       69.3368607    
   461.890259      -3759.65234       1506.62744       118.499466    
   1164.85522      -3685.85645       1410.22766       142.989594    
   488.709900      -4272.57910       1572.47473       93.0668335    
   523.389343      -4119.42822       1847.19214       198.652786    
   1193.23096      -3878.32617       1764.06836       133.708572    
   1276.91064      -4069.41943       1425.87585       92.1423264    
   309.764404      -4206.73535       1562.38257       97.8870850    
   1134.42993      -3962.47607       1919.89099       52.9063454    
   637.051514      -4353.16748       1882.83887       63.6979179    
   1092.07996      -4010.12891       2007.50781       55.4461555    
   1199.58398      -3610.53687       1770.58203       134.273285    
   1373.93909      -4199.13574       1569.25439       124.094772    
   452.428528      -3885.11084       2015.67615       98.5021133    
   282.772156      -4087.98926       1418.05884       90.9128876    
   1282.75659      -3975.58618       2033.62183       134.440659    
   1345.79028      -3492.78149       1708.47620       63.4800377    
   1310.12842      -4389.03027       1587.77673       77.1177444    
   1505.16895      -4128.38379       1707.46936       79.2194748    
   1040.17896      -3946.83374       2239.70264       185.165726    
   1310.16907      -4407.43359       1412.29492       99.3491287    
   1508.14343      -4182.76221       1376.30786       111.485146    
   1141.47791      -4537.21973       1371.08704       117.363647    
   500.543213      -4184.99512       2116.49561       79.4167328    
   177.240112      -3813.84424       1551.82886       174.694794    
   318.056580      -3934.65576       2115.48560       76.0611267    
   267.388062      -4386.62451       1556.28674       87.0377197    
   398.037170      -3832.95239       2244.79419       106.770897    
   1441.08777      -4346.21533       1791.42993       150.661774    
   163.678345      -3526.49414       1639.51770       126.047691    
   1282.33765      -4387.61377       1985.41663       103.429924    
   1042.86304      -4251.62646       1035.60266       115.278053    
   1186.74817      -4571.19775       1743.60352       192.249207    
   350.725525      -4171.07812       2289.87573       150.042480    
   1297.41504      -4315.76270       1198.35413       133.702332    
  -37.4143066      -3905.62915       1552.46216       58.7502289    
   220.182617      -3338.17969       1536.54395       95.8443756    
   1027.64050      -4457.46240       1076.92102       95.2052765    
   1456.71033      -3895.73584       2153.58813       91.4632721    
   818.993408      -4391.18359       963.876343       151.177460    
   771.356567      -4789.15479       820.151062       106.941071    
   721.088806      -4585.80762       765.246460       109.627808    
   780.851318      -4736.53516       1014.41583       94.5419083    
   650.007935      -4954.79883       923.426819       122.870766    
   900.813782      -4555.75049       757.931519       72.7428665    
   543.886841      -4562.28076       921.631714       127.865723    
   506.803833      -4788.98438       926.773926       96.2642288    
   483.154724      -4442.42334       748.057251       91.6511993    
   471.347229      -4423.53613       1072.69397       89.6967926    
   911.814514      -4834.91357       892.877380       57.7356110    
   728.767090      -4667.08691       533.631897       135.932678    
   519.500427      -4191.25293       1028.67590       151.572952    
   378.073059      -4824.50195       1110.09656       130.509293    
   531.231079      -4875.90234       670.553406       167.407013    
   689.150513      -4411.81299       466.063477       131.092499    
   1005.63293      -4375.86133       691.885315       145.644760    
   335.410522      -4749.11475       1275.85425       56.5350189    
   460.531311      -4421.22412       414.930389       103.346970    
   1011.04321      -4861.99561       828.446655       63.6374474    
   829.849182      -5019.28809       758.303284       129.609528    
   641.530090      -4207.16650       452.510681       79.4356384    
   805.676270      -4906.18750       496.691315       117.966965    
   601.392395      -4292.60059       332.039703       68.5849457    
   552.274475      -4013.53467       828.572693       118.031120    
   598.330200      -4079.52441       470.422150       56.5146446    
   316.104187      -4913.77637       425.382385       160.958160    
   632.068604      -4899.35742       275.296814       163.461121    
   881.640625      -5148.97461       586.012329       92.1748810    
   841.392029      -4863.56348       212.728882       57.9200554    
   425.861694      -4783.86572       1356.54358       69.5628662    
   760.952087      -4785.11328       145.235840       52.3495789    
   589.343506      -5168.13037       394.873230       133.813980    
   787.416382      -5037.10645       237.050201       47.6803741    
   1182.09033      -4200.61816       820.425537       134.303665    
   255.660767      -4093.64819       1012.50983       130.173874    
   636.852356      -3879.00220       880.090332       49.0122871    
   271.186340      -5128.18018       595.891479       116.673386    
   252.740295      -4583.76172       1357.35571       145.514755    
   587.731140      -5273.60840       719.023193       207.005783    
   670.241028      -4698.73926       69.7658615       93.9057083    
   390.710876      -4949.05664       1338.56323       100.275063    
   388.427612      -5183.36816       342.866882       74.2777176    
   788.237549      -4854.13037       12.2861710       99.8947067    
   634.380737      -3928.46680       1059.68506       136.906738    
   870.413574      -5280.04736       954.060364       160.720047    
   876.467651      -4743.42432      -27.6476059       47.1999359    
   336.135071      -5126.03711       1224.28418       117.375877    
   818.359863      -3861.62500       966.497925       79.8710480    
   415.948547      -3850.94580       577.744812       210.525375    
   681.381714      -4618.58301      -95.6531601       90.2441177    
  -889.244141      -3762.56567       1352.71667       187.288391    
  -817.616211      -3535.72510       1252.62073       70.8046494    
  -701.807495      -3602.13525       1204.05103       71.2446442    
  -929.104004      -3519.77734       1091.55286       125.719620    
  -1021.79272      -3571.79272       1463.71033       70.0741043    
  -1131.22339      -3852.83789       1376.90979       72.0645523    
  -1132.95020      -3564.58765       1649.44727       146.497284    
  -674.330933      -3522.58105       1363.64246       109.185936    
  -903.143311      -3308.08740       1628.25793       198.508484    
  -1180.60669      -3792.34839       1486.60339       62.5860138    
  -1131.97241      -3776.28247       1264.34241       64.0557785    
  -684.481934      -3828.10083       1579.16345       124.953094    
  -1077.98169      -3646.40308       1894.54211       117.641083    
  -667.685913      -3205.61499       1634.85779       58.3465271    
  -1285.63696      -3390.71143       1714.18701       93.8196106    
  -955.260010      -3783.98535       1960.58679       78.1594238    
  -725.296387      -4013.03589       1644.09058       75.2486267    
  -711.715332      -3878.96899       1183.44043       84.2414856    
  -906.474365      -3177.72314       1886.70532       90.9443283    
  -506.335938      -3688.21851       1218.25269       142.761261    
  -754.325562      -3684.80664       1036.45557       120.810997    
  -822.596191      -4080.34546       1723.55957       67.2788315    
  -935.665771      -3787.86426       1020.43811       88.3928146    
  -1051.55640      -3448.97070       2064.85352       144.410690    
  -1021.82617      -3087.99268       1423.31238       124.830673    
  -869.193848      -3636.05151       2162.18628       134.325729    
  -1245.91064      -3476.76367       1121.44678       195.392715    
  -1192.70142      -3069.55908       1486.61853       58.3828621    
  -1412.19238      -3561.73120       1904.77673       191.807251    
  -1002.07812      -3044.78906       1827.45190       83.2362900    
  -1101.39600      -3046.43018       1272.28662       50.8773193    
  -666.925171      -4147.60059       1798.35034       118.044868    
  -1491.17310      -3801.95410       1832.64514       71.1266327    
  -711.105835      -3131.90234       1990.37805       134.907715    
  -1534.50220      -3371.69263       1791.07983       61.1260529    
  -1290.01123      -3065.02197       1279.60327       138.802658    
  -1376.73486      -3301.05884       2059.74048       113.496780    
  -926.748535      -3833.34326       2228.26782       81.5455322    
  -575.304565      -3863.82056       1064.88574       97.1267014    
  -850.840576      -4274.82471       1772.59607       107.063721    
  -332.045410      -3909.69287       1289.11316       147.809372    
  -616.017822      -3670.71143       940.514099       48.0874748    
  -690.812500      -3390.75391       931.445129       189.000092    
  -376.693726      -3871.47803       1075.45447       73.7737274    
  -1117.03052      -2940.15234       1320.20288       66.6951523    
  -1049.75830      -3280.19678       2227.49805       90.0089645    
  -1302.59985      -3079.43359       1932.73792       152.424255    
  -590.297119      -2982.97412       1959.76624       59.3222733    
  -1509.87231      -3906.68945       1979.63330       110.305450    
  -1282.13574      -3453.27930       2267.57056       160.915741    
  -492.791626      -4368.68896       1218.53186       64.0086441    
  -396.317383      -4240.06445       1222.77332       96.8515167    
  -644.711670      -4358.33789       1067.75098       150.263840    
  -322.545288      -4414.89795       1349.63574       131.388336    
  -478.818481      -4255.24023       956.567993       74.4596863    
  -674.938599      -4387.47217       1276.35901       62.5453300    
  -427.567383      -4581.81055       1248.49194       90.2425766    
  -150.625366      -4357.52637       1081.60742       192.095871    
  -311.483765      -4237.08887       1452.60986       74.4098816    
  -387.098022      -4688.73193       1369.58594       76.2894363    
  -476.220703      -4694.02832       1096.34546       104.960236    
  -546.606567      -4067.79688       978.619690       126.115082    
  -731.203125      -4562.52734       1303.14673       123.251167    
  -304.363770      -4605.13965       1499.07507       98.6249771    
  -735.898071      -4274.27979       861.355591       90.5421600    
  -139.718018      -4627.78467       1430.18140       81.4066086    
  -238.615112      -4467.37500       1628.51221       101.542709    
  -502.266357      -4809.14404       1350.59143       91.3846054    
  -665.410767      -4757.68164       1018.74780       109.211037    
  -799.655273      -4431.70654       814.051819       85.7942886    
  -372.228027      -4751.70947       1558.35559       73.3653488    
   32.7536621      -4430.92822       912.199768       68.1123657    
  -701.519043      -4589.80859       757.287903       108.759987    
  -199.910645      -4711.32520       1579.62024       70.7276917    
  -756.342407      -4718.99023       1438.45813       85.1201019    
  -777.414307      -4139.75586       791.353088       66.6515045    
  -817.465088      -4438.62646       1552.90247       168.558853    
   13.0224609      -4352.07422       1612.79883       175.753632    
  -609.528564      -4856.89453       1537.08459       128.936340    
  -686.000000      -4031.55981       736.793762       85.1505661    
  -877.986084      -4807.63232       1298.73230       120.196030    
  -81.2105713      -4686.65088       1661.28748       75.4776382    
  -727.800171      -4450.82227       1767.72058       64.5114212    
  -844.626465      -3979.36401       884.719666       130.697266    
  -941.767334      -4562.69727       738.334839       121.734726    
  -816.237061      -4770.56934       1601.30334       95.8494034    
  -645.637695      -4402.04541       1857.78284       66.7656326    
  -671.513916      -5021.84131       1446.35327       69.2694397    
  -158.480347      -4639.90918       1804.51184       93.8212280    
  -444.859009      -3862.17529       777.077454       179.227905    
  -507.727661      -4346.65137       1897.06604       86.9772949    
  -518.863281      -3686.14478       901.865051       48.8696938    
  -7.30407715      -4074.27881       1665.24402       107.703468    
   77.2867432      -4686.49951       1583.80872       100.981590    
  -73.1673584      -3908.14160       714.269409       200.525482    
  -793.174072      -4430.50391       515.131348       177.217041    
  -73.5307617      -4905.09033       1585.87695       155.834290    
  -1051.66040      -4443.46191       1657.90918       88.1161270    
   170.071899      -4517.28760       1704.12830       69.8248291    
  -744.807251      -4880.19092       1728.44336       86.5998917    
