   426.368103       756.599792       435.464050       101.339279    
   484.554138       841.504028       288.112640       78.4014664    
   493.731964       1019.03223       293.394104       99.4423294    
   387.493103       611.755493       264.578064       126.022247    
   655.635010       1005.31995       263.494324       65.7686920    
   275.474243       796.986755       598.176453       124.216057    
   196.098083       542.737061       341.714417       91.5686646    
   382.115875       1194.57227       301.047607       108.718170    
   189.845917       927.910522       676.003662       50.5131416    
   44.9828186       687.434082       412.232819       129.215973    
   589.958252       1264.36621       213.683929       127.295044    
   224.524994       539.034790       540.602844       109.374916    
   875.874329       415.400024       606.764771       87.5266953    
   950.843750       313.208435       703.981140       72.2063522    
   644.842773       316.605713       626.715820       164.532349    
   673.676514       396.396240       418.193146       60.5892410    
   1064.26733       405.887268       725.596252       75.8530273    
   658.211060       503.823303       306.901764       94.8632584    
   1105.85339       610.648804       565.947815       187.099930    
   585.289612       665.008301       370.674835       93.1928101    
   1022.34216       477.684784       204.932068       206.581924    
   566.491638       420.587585       838.642090       84.1917114    
   474.964905       240.345459       740.813660       53.8533211    
   1213.72168       302.423859       383.596558       108.477959    
   205.147064       190.900635      -907.965027       75.1446915    
   28.9122925       310.165070      -774.681946       175.947647    
   283.981750       337.373779      -930.219238       92.6786270    
   252.612244       299.191437      -638.175537       86.3417511    
   222.261566       430.831421      -1023.64465       53.1708221    
   315.724976       384.512634      -538.104431       59.5247803    
  -42.9563904       327.017395      -1019.76605       80.0118866    
   29.1845093       529.753479      -593.296692       108.867348    
   154.181702       601.482117      -1033.74976       130.836853    
   2.40063477       21.6046143      -855.015259       124.757980    
  -181.743378       327.264252      -1048.04529       61.6259689    
   89.7810364       723.609497      -586.388489       94.3560867    
   678.572815       604.609558      -445.204926       61.8982315    
   561.607422       596.458679      -439.187408       55.5050087    
   320.190155       589.154053      -395.502625       189.941223    
   360.469604       661.566284      -153.292557       66.0503922    
   341.178986       830.762573      -587.471375       119.360664    
   390.186859       511.536865       2.71035767       152.418137    
   736.409973       832.089722      -516.155884       183.308487    
   28.1115723       581.258484      -378.434235       102.741005    
   298.794891       734.191467      -776.024048       96.6828918    
   453.942719       712.993286       98.4457397       79.5614624    
  -45.0332947       431.659698      -173.803207       161.084641    
   646.617188       853.496704       15.3590889       172.960358    
   1377.07910       1356.29236       1567.07104       159.556976    
   1497.01135       1148.96191       1693.91626       111.490211    
   1277.94336       1498.77332       1723.59058       74.1852570    
   1665.58923       1457.43115       1484.85352       157.018799    
   1269.00122       1170.00146       1765.28662       128.347641    
   1764.88550       1269.04651       1324.68835       109.429932    
   1305.64966       996.882080       1806.60449       53.3679314    
   1042.20361       1301.03198       1695.85132       142.642670    
   1468.63245       923.129272       1880.80640       140.305237    
   1858.79651       1554.70154       1613.18384       94.4894638    
   1687.29688       1067.23169       1196.17175       142.116394    
   1946.50000       1490.19397       1381.43347       144.098206    
   557.633850       1429.66345       1481.03174       67.9609070    
   712.533203       1512.55042       1572.14941       129.937973    
   634.977051       1694.12378       1657.70032       85.2402954    
   682.791565       1492.78174       1803.34644       104.010056    
   381.606506       1647.55762       1698.52649       175.613922    
   771.751221       1793.57520       1766.70264       115.940453    
   405.218994       1872.55054       1589.61609       75.4516449    
   631.596436       1954.56067       1702.53101       106.903625    
   560.895569       1057.47192       1750.98547       78.6111298    
   705.200684       1136.36755       1777.04126       87.9113312    
   829.317505       1158.32666       1936.18921       115.102448    
   774.084534       1332.71606       1851.53467       86.4577560    
   936.079712       982.902588       1787.61133       138.377411    
   402.610413       1033.99768       1663.32800       103.863564    
   866.868896       835.649170       1600.73792       109.408012    
   1037.90234       1204.12793       2013.25061       111.953773    
   1163.86682       963.150269       1833.23035       94.7907333    
   389.629211       1224.76038       1652.21753       87.6457901    
   1205.38391       1098.44556       2092.01929       101.174973    
   555.737854       1008.95520       1457.38074       153.996170    
   876.477722       180.612030       983.578735       76.9443893    
   908.794434       102.281494       1114.10840       78.7111816    
   1135.13647       26.2640076       1169.27002       166.331818    
   905.213989      -131.001068       1183.67737       112.588081    
   1086.19495      -200.831757       1289.58496       95.2901154    
   1015.31525       293.559296       889.546021       125.219559    
   1091.30676      -156.787262       1457.27393       78.1607666    
   1139.99988      -339.735199       1016.28162       215.965607    
   587.867859       163.039856       1002.12146       212.801956    
   1364.04980       140.851929       1260.15479       105.317841    
   1198.27051      -117.612274       1534.48901       59.4550476    
   1098.46826      -224.808807       1633.26794       110.656548    
   1425.72791      -525.629639       1324.54883       86.1630936    
   1637.78967      -560.120605       1187.56067       168.612350    
   1437.82190      -476.991058       1009.08630       112.012100    
   1586.68518      -786.774048       1067.01611       93.1489410    
   1259.44946      -786.559448       1339.23328       223.587036    
   1568.23596      -325.595795       988.390808       88.8707962    
   1162.35791      -514.636353       1480.65723       97.9058838    
   1661.77246      -399.636261       824.574890       113.737663    
   1972.57666      -440.820526       1116.32605       193.830627    
   1358.00659      -396.483612       1568.11145       146.794876    
   1076.18286      -414.116364       1354.23071       85.1537857    
   1015.53857      -604.445068       1471.17126       74.4884415    
   1221.01440       781.609009       1559.25330       110.451317    
   1278.53491       872.556641       1724.92444       87.1037903    
   1369.77466       786.434082       1765.25854       44.6776886    
   1468.36816       879.097656       1594.43896       143.329910    
   1486.82544       689.036743       1789.80493       109.566177    
   1594.56299       1021.92029       1620.40649       49.0128670    
   1542.75562       1028.18665       1421.33459       96.9367981    
   1647.72241       813.043396       1403.47131       126.856293    
   1684.49438       1062.34949       1423.60718       48.8543739    
   1367.59680       540.994141       1782.17908       80.6893921    
   1065.95068       825.697388       1455.76086       81.1216202    
   1811.04529       983.409668       1579.93213       167.216217    
   1066.90015       297.603394       1539.38098       113.419724    
   1014.21289       473.565369       1459.58923       86.8363342    
   1139.97437       540.474609       1638.15808       141.586716    
   891.951660       582.046326       1421.96887       80.8812180    
   1220.61230       273.564758       1654.52563       80.1211090    
   1038.22583       63.3822937       1511.23816       124.226952    
   1101.96021       389.815460       1882.64111       148.097473    
   1395.64575       356.183960       1705.38672       120.002686    
   923.027466       529.126221       1198.28394       151.075485    
   1090.83911      -47.6682739       1380.11328       55.4786453    
   1249.92493       693.426758       1809.46643       113.030563    
   1205.44250      -53.2743835       1396.90894       60.4769707    
