   152.360626      -194.882401      -251.512604       83.2293396    
   31.9259338      -68.7105713      -279.774170       93.4697495    
  -51.3613739      -169.332764      -339.971191       50.3540268    
   81.4740143      -285.584351      -75.2632751       127.283302    
   236.533112      -86.1345215      -266.943878       55.1514511    
  -43.0961609      -456.307770      -106.694366       86.3802185    
   179.518585       11.6089783      -271.754944       58.1075668    
  -120.821548      -93.3742065      -323.388123       53.9024353    
   117.452667      -32.7510986       70.2767944       166.656982    
  -240.229843      -223.014038      -204.084503       158.931396    
  -101.359528      -338.413544       129.216797       152.057083    
   312.376892      -150.931534       86.8257446       61.8946304    
   190.499344      -519.489258      -214.700195       101.311256    
   359.583557      -613.397949      -330.175690       123.950668    
   202.635925      -795.543701      -312.490051       117.135605    
   425.855225      -707.317993      -467.898438       55.4383698    
   37.0511093      -626.882996      -131.353241       103.692261    
   607.508423      -708.718079      -293.635986       144.169830    
   49.7439194      -916.165527      -141.338257       142.129684    
   76.0949249      -523.086304       44.5889893       104.282356    
   527.324280      -549.061890      -550.258118       149.804932    
  -197.329575      -708.498657      -246.687378       169.983109    
   502.297241      -442.496582      -326.422974       98.7370682    
   180.895859      -610.584595       233.998535       129.202972    
   276.748749      -58.2438965      -1068.23633       90.0858002    
   273.492126      -107.072632      -860.419189       123.415421    
   55.9633789      -27.1486206      -924.828003       117.115387    
   207.307358      -279.280945      -845.736511       61.6568985    
   51.2733688      -127.242004      -1177.93970       155.108749    
   26.0514679       131.483124      -1059.23242       92.9396973    
   190.101303      -32.6255798      -648.110107       116.525352    
   431.095825      -351.243317      -1050.91956       224.073715    
   220.080811      -81.5202026      -1382.17773       113.777092    
  -7.43374634       101.779663      -849.213623       45.2399902    
   60.8809433      -310.626343      -747.821411       117.258247    
  -192.078964      -19.6110840      -891.794495       133.230576    
   48.8523636      -551.415649      -698.462646       86.8402863    
  -61.8473358      -450.246277      -740.087769       68.7948456    
  -174.017166      -542.518494      -682.669006       87.3882675    
   116.110893      -609.335938      -518.382690       113.926254    
  -62.6962280      -397.265259      -545.278809       133.091766    
   115.978790      -769.826965      -464.408081       55.3978729    
   154.987915      -553.778503      -843.600159       92.9797592    
  -1.62773132      -463.677765      -880.967590       85.0035934    
   165.957687      -607.324524      -349.908081       61.7792473    
   122.412804      -901.049683      -468.179993       76.0364380    
  -252.724655      -612.494690      -577.913330       61.1554337    
  -101.201157      -716.014282      -799.990723       134.348663    
  -1285.98071      -601.982239      -730.990479       121.076775    
  -1275.18481      -538.324158      -889.336182       49.9250069    
  -1177.54175      -412.875061      -902.900574       109.622215    
  -1435.60474      -610.027649      -935.994629       131.887436    
  -1295.48071      -378.683716      -1080.05786       105.929733    
  -1583.43481      -634.304504      -776.152954       87.1812897    
  -1583.44629      -672.449951      -1075.82178       80.9666061    
  -1150.19409      -576.255554      -612.028503       61.2757912    
  -1378.77954      -614.385925      -1236.44800       173.924042    
  -1382.09460      -799.827576      -714.080322       99.5155716    
  -1002.43018      -450.787140      -875.193542       71.6771393    
  -1327.00366      -278.278748      -733.221436       153.513794    
  -973.003357      -1115.56104      -997.400024       99.0883789    
  -1068.70190      -1010.85010      -1098.27905       74.9751816    
  -1049.67859      -1149.75586      -1156.32849       76.7550507    
  -1037.12988      -902.245605      -1059.16101       44.6938553    
  -1101.63953      -1145.16772      -877.816650       79.0229111    
  -1034.99463      -1283.32715      -975.195740       81.1256180    
  -873.082153      -987.814331      -1183.86572       139.786377    
  -908.267883      -1289.52100      -894.793152       69.0810928    
  -1245.97485      -1033.65198      -895.332581       104.202126    
  -1297.81384      -1144.98169      -1021.82288       72.0853424    
  -1300.43921      -1289.26562      -1046.73718       74.3392410    
  -1469.23462      -1158.61401      -1069.54688       106.385826    
  -1145.89441      -897.868896      -964.847046       78.2493362    
  -1360.39722      -1307.70508      -1214.06628       104.366150    
  -1607.73022      -920.125854      -1026.71570       172.696381    
  -1467.18896      -1425.11597      -1108.07410       86.4951401    
  -1182.45850      -1390.19104      -1270.41064       99.6983261    
  -1576.59570      -1246.63013      -1397.16199       185.450226    
  -1272.70508      -1224.04614      -724.641968       152.900009    
  -1080.03931      -990.882568      -834.138245       77.7544479    
  -844.744019      -363.595398      -1302.97046       114.893509    
  -628.600586      -341.902283      -1298.57422       102.385330    
  -635.559570      -263.510254      -1464.46924       81.2254486    
  -644.724304      -563.059814      -1443.45129       162.501053    
  -796.094971      -473.983276      -1120.34277       103.975609    
  -500.054108      -318.709839      -1587.91541       110.200394    
  -701.169800      -58.9334106      -1571.40540       158.737045    
  -420.075226      -545.315613      -1244.15442       138.340073    
  -622.369141      -760.040527      -1250.20605       114.344284    
  -322.672668      -426.456787      -1591.26526       97.3780746    
  -875.086426      -161.545135      -1197.95105       114.837776    
  -338.435608      -531.300903      -1705.78149       58.6809387    
  -1231.49072      -564.933960      -1437.38721       80.0797729    
  -1050.06165      -574.422241      -1333.75195       129.078354    
  -1249.10779      -442.876404      -1523.94556       70.5809860    
  -1101.84302      -500.453522      -1609.95898       109.417534    
  -1376.07202      -419.159271      -1467.13306       70.5334320    
  -1000.54340      -397.277588      -1375.62451       59.5625000    
  -1447.60645      -498.714905      -1596.70544       97.4976196    
  -1034.59705      -255.781372      -1467.30676       112.446960    
  -1448.91870      -337.347839      -1381.61426       68.4297180    
  -1383.07544      -648.992371      -1661.36902       78.3635025    
  -1000.57501      -306.009125      -1312.34534       51.4957123    
  -1147.50684      -371.971252      -1787.92236       114.776077    
  -350.319031      -87.3970947      -590.868530       98.5227203    
  -349.801941      -346.232666      -651.473145       167.337921    
  -402.321930       1.30352783      -752.331543       92.8933945    
  -571.668945      -118.476990      -678.794922       127.182304    
  -373.995789      -199.180145      -429.062073       99.5532074    
  -424.993774       153.503662      -635.087341       100.565376    
  -433.369110       99.2895508      -846.460693       46.4874992    
  -330.122253       209.026428      -528.686279       52.4085045    
  -737.545044      -80.4954224      -740.581726       53.8662148    
  -518.130554       300.217834      -683.366333       79.7952499    
  -371.888611       297.920288      -699.750122       66.3311920    
  -453.903229       134.705383      -349.909607       177.386292    
  -307.224182      -605.647278      -986.058594       141.219406    
  -359.130188      -404.722412      -955.342346       68.5647964    
  -412.129242      -381.328979      -1058.88770       50.0819206    
  -186.008972      -334.710815      -972.747803       119.009689    
  -577.295959      -442.559113      -1056.58069       126.081451    
  -443.854309      -777.409912      -1099.57520       105.875839    
  -403.856873      -290.889191      -1188.57654       108.243683    
  -169.742615      -437.311554      -819.740845       65.9390259    
  -608.266846      -378.386993      -805.272705       135.133392    
  -108.152710      -433.348358      -1096.61426       57.4288368    
  -232.419128      -166.688904      -1095.46252       94.1663971    
  -601.493225      -122.845734      -1031.58911       194.980759    
