   567.264160       1182.23218       349.661163       88.7335281    
   424.731689       1158.51892       405.785034       66.2751923    
   722.050293       1289.97913       346.108185       99.8951263    
   823.785889       1103.20715       346.318298       112.787651    
   876.510254       933.153198       248.040771       90.5757294    
   346.973755       1157.63708       281.488342       80.3424683    
   1104.66675       880.899536       195.640808       149.281769    
   285.150879       1095.06519       122.496292       101.359962    
   201.513916       1111.78918       308.938385       74.6222916    
   143.018188       1080.10034       160.870468       46.6205521    
   969.453613       1165.80408       445.357086       74.1509933    
   949.428101       752.077637       48.4464798       100.438667    
  -58.9291992       904.733704       220.361786       159.432999    
   46.3765869       1070.92334       142.386612       52.1998177    
  -206.592377       1027.92114       461.256592       148.803772    
  -390.685913       991.372803       89.0558319       207.731934    
  -219.806885       912.610352      -148.888641       95.6172028    
  -659.079712       1166.49048       155.273499       119.508339    
  -221.423645       854.634155      -290.249573       57.1793137    
  -749.205566       870.810852       27.9113235       175.426392    
  -850.099976       1128.22778       88.9265900       86.2942505    
  -218.084656       911.872925      -463.786469       125.584045    
  -340.990082       1012.65430       643.500488       78.1514740    
  -95.2153931       1122.59521       703.685974       134.286316    
  -1463.73584       909.361023      -491.718658       111.841896    
  -1338.22998       867.615173      -237.622528       174.619217    
  -1303.79272       837.120850      -550.373718       73.2016830    
  -1541.81409       1106.40869      -565.033813       112.431541    
  -1525.00854       696.754761      -171.487885       87.0166397    
  -1181.66455       929.711853      -55.2785759       73.6104736    
  -1547.08301       595.573914      -74.6833954       54.7414246    
  -1018.06091       873.025146      -35.0576172       100.713554    
  -1535.68445       469.892578      -53.7682266       73.1796417    
  -1126.67700       830.371216       156.408829       123.508324    
  -1578.11792       789.081421      -682.301697       140.887024    
  -1660.66284       1034.34595      -693.241455       76.6577835    
  -1768.06348       1646.69617      -517.092163       82.2737808    
  -1695.23499       1541.89539      -621.797791       82.8024216    
  -1796.65198       1741.91626      -355.967010       107.056107    
  -1799.92920       1425.81091      -668.328308       80.2986298    
  -2018.06152       1843.15173      -293.525726       144.277283    
  -1650.32031       1292.93286      -652.535645       120.422073    
  -1883.10791       2068.34277      -330.462280       120.841194    
  -1613.09680       1296.56897      -817.999207       49.2162247    
  -1923.67310       2170.48975      -506.777863       86.9262772    
  -1735.33301       1229.94116      -864.073181       97.4265366    
  -1846.20532       1910.50635      -235.391541       49.2461662    
  -1695.78125       2125.45361      -522.828369       145.927948    
   193.380859       718.576904      -281.942566       84.4374390    
   385.895142       674.166626      -312.057800       115.415016    
   233.838135       952.925049      -308.760925       154.884811    
   401.961792       590.328369      -103.588867       109.854301    
   413.931763       632.254883       88.0883789       86.7196045    
   336.457397       695.361084       213.677032       73.7708359    
   283.048706       582.051880       249.781464       56.5941162    
   390.610229       669.855347       327.561279       54.8863640    
   169.082642       527.423218       319.229767       87.6128540    
   319.889404       894.023438       437.930054       204.794174    
   323.930908       537.304443      -472.986572       104.741371    
   121.557495       935.656006      -571.347168       131.221054    
   799.527222       185.924133       94.4965210       108.785034    
   848.801392       238.413940      -85.8571167       85.4070892    
   898.268311      -65.4163818       125.386169       163.016251    
   750.269897       349.423462      -153.820984       77.8430862    
   1053.18604      -222.185577       272.920441       102.205208    
   615.893433       484.570435      -67.0165405       131.576996    
   1093.22778      -376.070160       229.083954       62.7356224    
   649.421143       602.644409       211.896851       173.149582    
   1017.32825      -729.167969       229.074036       88.7832031    
   946.186646      -616.474976       348.644806       90.2644043    
   1188.87366      -889.304749       257.590546       147.616211    
   1191.00903      -515.355896       402.116943       179.961792    
   757.688843      -635.087463       354.429199       99.2384338    
   1212.36108      -725.343262       730.714233       210.584854    
   1204.16394      -307.937927       510.836853       54.5915375    
   1447.24756      -884.335144       778.415955       77.0358047    
   1073.26709      -208.104156       506.383911       110.091843    
   1442.24817      -797.198853       902.633179       74.7786713    
   1068.30981      -121.527588       674.229858       78.8323975    
   944.846863      -36.5454102       437.880859       114.889786    
   3221.13696      -2037.40430       1528.00183       89.2443237    
   3158.33447      -2003.21948       1306.17651       143.820480    
   3199.41699      -2025.96313       1688.55920       73.1790848    
   3443.68555      -1834.72864       1395.78857       199.465042    
   3005.38208      -1711.44067       1312.08716       185.670013    
   3684.32715      -1986.24634       1341.76257       89.9905243    
   2771.13110      -1735.27795       1336.26147       51.0280838    
   3054.03027      -1559.89062       1103.89966       76.3914948    
   2704.30078      -1680.62598       1251.33459       70.0739059    
   3827.38965      -1748.29956       1477.21777       202.193024    
   2790.82373      -1940.27820       1413.88843       144.125641    
   2769.74854      -1559.01831       1311.17383       80.4342957    
   2938.19531      -1435.02661       868.731201       81.6001053    
   2792.45654      -1309.77576       852.263123       111.269699    
   2902.16553      -1538.04285       1015.02625       100.917961    
   2755.23047      -1403.14966       663.021362       103.012703    
   2724.79175      -1245.70874       616.002747       64.0947266    
   2539.82153      -1528.34790       626.059570       148.864090    
   2693.74219      -1094.34277       600.570618       91.1916809    
   2568.51562      -1482.24023       433.336121       51.3649178    
   2518.07544      -1681.94226       483.196869       62.0239258    
   2621.85840      -1046.79102       464.668060       69.7368317    
   2789.03589      -1646.93591       1109.81946       82.4990463    
   2342.37354      -1653.83447       341.417542       165.490143    
   1197.60559      -390.217316       962.695496       71.6721802    
   1046.66406      -380.826691       969.978760       79.7365723    
   1404.67664      -303.568634       940.597656       153.881760    
   1332.67566      -100.118225       1043.63916       85.2702103    
   1494.32581      -284.960327       714.026245       90.4906616    
   1547.84900      -419.118988       640.043884       71.7950592    
   1689.01562      -443.076782       698.834534       82.9893799    
   1489.37769      -564.126099       500.296265       137.908142    
   1808.27002      -566.491699       606.100647       112.080910    
   1785.52197      -648.805725       439.683594       74.9689484    
   1140.07251      -511.649353       1075.56689       103.814827    
   1067.64697      -209.217072       1122.97156       151.124908    
   2579.15845      -1080.37231       253.843689       108.962547    
   2458.81152      -1036.95044       418.922791       99.8911133    
   2757.67041      -966.431396       172.285339       117.975769    
   2529.39282      -1175.86963       518.744873       85.1621475    
   2219.34277      -1037.17200       364.511566       145.681305    
   2191.75977      -799.534119       350.978333       93.9349365    
   2191.18335      -1284.90674       508.859985       142.419418    
   2105.61963      -743.995972       178.323364       106.849136    
   2123.44287      -709.205505       559.481079       143.340988    
   1985.70459      -688.056030       319.265198       86.4731293    
   1910.79089      -691.581299       511.221130       75.4293900    
   1819.16138      -653.580139       204.673767       118.603806    
