  -19.2506866      -315.633240      -119.314697       81.8696976    
  -51.9809113      -226.833008      0.189849854       70.5704651    
   271.959656      -281.780518      -45.7724609       220.384811    
  -187.012848      -332.560730      -132.465927       87.2565994    
  -248.409180      -181.712219      -74.1265259       85.7414932    
   362.998840      -74.2827759       179.866791       99.3906631    
   472.261932      -567.886414       32.8485718       137.608322    
  -105.433990      -593.995667      -187.932739       192.171173    
  -423.800323      -30.8289185       2.57104492       158.000839    
  -156.871674      -776.412170      -11.3130188       66.8966446    
  -416.610687       152.718170      -89.8448029       47.6246529    
  -521.341553       154.752472       32.6856995       53.8046188    
   661.014709      -652.676697       19.3018188       69.7570877    
  -398.314056       272.661926       134.584290       144.744110    
  -596.680908       161.236664       114.446442       57.5636368    
  -565.004395       267.428223      -75.7638245       108.564186    
  -512.643921       298.344269       349.209686       99.7857895    
  -745.474243       129.866974       263.610809       155.446823    
  -423.019196       434.579865       534.593872       147.115143    
  -772.453369       255.982239       420.812592       47.8888893    
  -521.871338       651.163147       349.594452       154.389450    
  -467.849213       480.111877       768.658569       95.5143661    
   682.755859      -793.820374       72.1555481       82.5180740    
  -522.133057       844.098877       524.407104       105.963562    
   596.938843      -904.054504      -150.788925       180.579727    
   1798.86182      -585.526917      -354.314514       85.2045135    
   1969.34717      -742.037781      -312.484314       149.978897    
   1636.38354      -625.501404      -269.640503       102.324524    
   1975.46729      -857.042664      -117.581497       76.4006271    
   1801.23022      -336.282715      -197.861877       209.084290    
   2187.05151      -779.665222      -306.516357       71.0290985    
   1514.12537      -731.732117      -147.932907       100.270401    
   1972.85742      -115.235291      -255.280334       76.6012573    
   1810.52930      -68.7491455      -193.194839       58.6519852    
   1429.90625      -749.304382      -1.01953125       69.9794083    
   2174.05981      -62.7293091      -176.476181       145.768982    
   2137.94678      -39.7672119       35.9936829       70.9673309    
   2363.06592      -94.0653076      -89.8108826       64.5071335    
   1224.82263      -676.748474      -30.1336975       149.499908    
   2388.21460       57.7816162       10.0205383       118.948700    
   1266.61206      -911.778381       23.6439514       95.1981506    
   1195.68457      -633.860901       222.920990       108.812988    
   1047.70654      -675.342712      -167.964462       74.9330215    
   910.925171      -553.423035       87.1929016       207.579834    
   2541.17847      -29.8944702     -0.784271240       57.6918793    
   993.193970      -857.115417       206.306671       128.858826    
   938.776855      -658.906555       324.519318       53.6324997    
   2360.35718       239.115356      -126.042206       109.460869    
   2463.65308       145.064026       242.058868       140.186615    
   2330.11597       383.194397      -211.254791       60.6402893    
  -741.521851       1025.73328      -619.895325       109.062088    
  -625.652222       1164.42297      -712.571228       94.0382843    
  -838.037964       1107.64734      -425.295593       123.091682    
  -615.155640       1366.97192      -723.190430       109.062973    
  -1044.04041       1069.13770      -375.502869       92.3138199    
  -766.347900       1286.34106      -897.485107       135.352600    
  -815.542236       988.652954      -230.975433       105.875954    
  -991.560059       1153.59058      -166.296112       139.317139    
  -965.109253       908.957886      -149.080200       82.3488083    
  -755.756470       741.461731      -199.610504       150.371796    
  -814.855103       734.660156       13.1575012       70.5564346    
  -883.054077       642.774170      -7.57931519       45.7353401    
  -817.518921       807.764282       149.880341       84.5073624    
  -722.547852       723.222046       253.469940       79.4978714    
  -849.928467       869.546204       366.622955       143.187027    
  -810.425537       622.127136       368.678436       97.1814346    
  -1066.22498       945.521851       471.961456       109.104874    
  -728.704956       877.463989       555.732300       81.5789871    
  -570.008789       1410.57043      -954.208130       103.807808    
  -713.083008       1216.76782      -1105.84937       90.6856613    
  -481.293182       1655.82764      -913.739624       160.125748    
  -564.584473       1508.86243      -1113.81812       83.7201767    
  -860.176758       526.000183       463.669647       46.8253098    
  -804.222656       809.305542       655.340088       60.7985725    
  -600.512329       1861.47534      -1077.69507       128.638641    
  -992.707031       2813.56641      -1483.79578       82.0791321    
  -875.637085       2866.37134      -1376.24463       85.4374084    
  -932.896240       2562.07471      -1497.95227       176.815842    
  -955.218018       2573.44824      -1733.64282       60.2033386    
  -612.410156       2638.05005      -1388.34509       170.315964    
  -1154.12024       2447.28662      -1491.72717       72.4879990    
  -733.338623       2986.04224      -1445.01904       112.806358    
  -438.042206       2461.25269      -1441.04138       83.5267105    
  -510.754730       2941.06299      -1544.85168       135.253799    
  -801.473145       3163.23486      -1352.79614       98.2447662    
  -298.746704       2382.81299      -1386.96436       85.2329178    
  -639.226685       3171.01929      -1247.01660       95.5917130    
  -258.275482       2241.58398      -1259.57056       109.221092    
  -428.719879       3181.15796      -1293.26624       120.173706    
  -719.505981       3309.03174      -1236.15967       64.4319687    
  -198.600189       2019.44775      -1334.78174       132.775620    
  -283.769287       3276.10107      -1173.45105       90.4991760    
  -300.365936       1884.65332      -1228.67798       66.6847610    
  -706.529663       3393.89966      -1325.25049       59.2951775    
  -690.123657       3426.63672      -1200.24976       62.0000648    
  -281.482361       1752.43408      -1092.56335       124.013817    
  -668.109497       3449.06128      -1064.33191       77.5095062    
  -466.846466       1653.94385      -1178.06030       102.634239    
  -118.688965       1709.15356      -1192.23596       71.7157135    
  -82.8825073       1749.56738      -924.770874       135.994019    
   2417.14844       7306.35156      -3758.03809       89.0791321    
   2272.97070       7215.54102      -3735.83203       82.7621384    
   2642.70605       7202.11963      -3787.35303       161.105270    
   2233.16748       7307.58936      -3849.38135       68.7338409    
   2254.05786       7358.71436      -3564.99658       140.969498    
   2086.74658       7076.59473      -3841.73828       172.575165    
   2781.18579       7195.99756      -3575.95581       91.6752167    
   1959.61487       6907.54492      -3998.75684       90.8603821    
   2816.72925       7316.00537      -3481.86304       64.8771667    
   2925.01562       7283.70410      -3874.92480       145.541275    
   1930.62158       6991.53223      -4147.60742       82.4967728    
   1952.08252       6787.15137      -4103.93945       69.1847534    
   3115.27344       7073.19141      -3886.74951       138.464691    
   1848.68542       6833.06445      -4031.08496       46.6017036    
   1962.54175       6822.21631      -4281.41211       112.018394    
   1799.57104       6759.51904      -4140.68604       90.1123734    
   1805.35791       6921.28271      -4377.12598       96.9936218    
   1678.26355       6685.87354      -4082.33447       63.3297577    
   3319.39673       7004.11426      -3896.38721       77.2530746    
   1754.82935       6538.57031      -4181.66846       130.114441    
   3339.77100       7148.27100      -4004.92822       104.342476    
   1646.91736       7067.92285      -4538.48438       172.533356    
   3299.11377       7303.94531      -3879.84180       99.4562836    
   3376.34668       6974.53223      -4074.95190       86.5212555    
   3405.42896       6891.45996      -3843.16602       74.1591568    
   1742.02417       6897.19580      -3640.48022       100.450668    
   1561.23035       6915.67334      -3752.85254       113.231453    
   1459.90442       6978.68066      -3867.38184       52.1565514    
   1911.94775       6943.24316      -3704.18311       86.7709198    
   1473.76221       6756.46680      -3495.32446       201.924225    
   2001.05334       6837.29297      -3780.89062       71.4973831    
   908.202637       6519.04980      -2190.11597       104.568390    
   879.763794       6559.23291      -2380.50171       92.0748520    
   662.092041       6409.96533      -2141.87524       168.919556    
   1012.79480       6515.56836      -2548.88428       126.908134    
   570.969543       6219.06543      -2278.00342       82.6277466    
   1112.20386       6546.05273      -2105.05298       118.105820    
   1078.41016       6660.81934      -2662.85620       69.0377731    
   433.793701       6201.09424      -2380.83374       89.7590790    
   974.873718       6725.24561      -2763.23389       88.9086075    
   1277.30139       6726.66162      -2677.22021       140.962463    
   314.541779       6296.47168      -2427.67847       69.9752197    
   1279.91187       6915.64990      -2840.34692       108.684731    
   227.432053       6428.42139      -2432.55811       88.2172318    
   1517.51294       6890.88916      -2686.60547       150.165649    
   85.8049622       6557.05908      -2453.41528       104.253792    
   1306.34058       6868.85400      -3051.74658       109.440163    
  -22.6795044       6696.95410      -2422.65674       75.4305878    
   1294.22461       6635.38525      -3197.69092       166.156860    
  -17.3911743       6309.98926      -2473.74756       164.284576    
   1329.52002       6491.03271      -3419.92822       101.197350    
  -86.7374878       6794.50684      -2499.74976       64.4480209    
  -123.790710       6762.28516      -2384.06396       50.9906425    
   1727.61987       6940.30859      -2808.46899       97.6991425    
   1244.96631       6475.28174      -3575.82202       76.8489075    
  -279.362244       6889.79199      -2465.18506       153.225784    
   132.073425       4795.84863      -2997.98511       88.4513702    
   37.5650024       4600.44775      -3031.04517       131.102356    
  -131.078674       4563.28564      -2876.28247       100.793388    
   230.164566       4771.40039      -2743.89624       185.014145    
  -269.380371       4438.61182      -2889.91992       85.9225769    
   221.402786       4786.59229      -3186.90698       120.724251    
   140.792984       4951.80127      -2580.93921       74.0055695    
   138.139801       4726.63965      -2451.95435       124.351952    
   216.128845       5059.72461      -2520.95044       70.6414795    
  -398.511169       4293.10449      -2783.44409       135.840805    
   123.871643       5054.77783      -2407.71216       75.4966049    
  -551.739319       4305.47656      -2559.08521       136.130737    
   99.3841248       5211.60352      -2454.82397       90.0664062    
  -434.380981       4156.10107      -2450.31396       82.7600021    
  -700.881104       4231.04004      -2647.58228       52.5755577    
  -704.152344       4269.15137      -2411.70996       78.9741669    
  -679.664307       4024.42847      -2816.64990       215.229584    
  -718.513306       4243.84619      -2265.24390       70.3457413    
  -963.359497       4013.10132      -2804.00562       68.9725952    
  -733.877563       3730.17993      -2703.95630       104.488693    
  -809.613281       3768.71582      -3132.64307       211.556000    
  -856.479370       3661.29395      -2537.74023       113.246407    
   214.399902       5289.81836      -2635.48242       137.929565    
   83.4116821       5371.76172      -2376.83716       88.7853622    
  -865.834961       3503.30469      -3109.70703       60.7163620    
  -77.3676758       5843.32471      -2864.43066       63.4536285    
  -48.9529419       5956.35986      -2884.61108       54.8449440    
   67.9098206       6189.59814      -2870.60522       206.406067    
   115.578888       6106.36816      -2578.91748       100.658501    
  -84.4539795       6400.79395      -2867.06177       54.0417061    
   355.174530       6015.92139      -2791.21338       138.563934    
  -52.7207947       5708.11230      -2979.39648       115.737274    
   505.786469       5913.40918      -2669.19092       80.7152786    
   2.94778442       5536.83496      -2814.43359       128.490555    
   666.018555       5863.10986      -2663.82593       87.3130875    
   48.0330200       5433.08887      -2637.33862       81.6444397    
   793.258789       5838.87891      -2600.97900       56.6530457    
  -27.3399658       6559.71631      -2811.27295       123.794983    
   70.2011108       6674.57227      -2727.05371       48.8349991    
  -212.789429       5411.04883      -2698.61206       146.791016    
   158.300049       6764.37744      -2651.58984       97.8587112    
  -397.291626       5568.93018      -2706.20850       96.1805115    
  -90.9729614       5304.89746      -2484.93311       121.100533    
  -529.404785       5603.23096      -2627.68506       61.3151970    
  -290.434143       5216.59863      -2472.38037       97.3851929    
   99.1999512       6938.61621      -2515.53955       130.968826    
  -249.145569       5221.33008      -2212.60815       165.699615    
   139.082153       6924.27734      -2216.45581       171.109970    
  -76.0664368       5115.89600      -2594.85278       98.0485306    
  -81.2820740       7043.20898      -2147.95996       88.5063705    
  -432.515198       2572.83154      -1638.86926       136.937958    
  -326.320312       2806.48413      -1688.17847       124.433090    
  -364.659302       2604.74634      -1437.77271       77.6734695    
  -297.838867       2560.09253      -1842.19556       107.285187    
  -161.848694       2935.24805      -1725.50757       87.7472076    
  -426.705872       2910.57153      -1967.39563       190.009262    
  -171.179626       2999.63599      -2039.62939       90.0615234    
  -598.169800       3166.46680      -1831.33716       146.725311    
  -242.971985       3154.76562      -2094.73608       89.5772629    
  -740.291016       3142.59155      -2003.91345       78.1162262    
  -616.449646       3482.02148      -1831.71509       169.387497    
  -797.142334       3433.07910      -1989.48145       75.4175034    
  -544.177246       3534.49512      -2106.22485       119.270859    
  -502.982239       3707.93555      -2089.16797       59.8174973    
  -562.344910       3784.88794      -2045.31152       46.8196068    
  -400.133179       3871.39600      -2065.61646       134.747223    
  -607.243958       3913.62012      -2044.53430       77.6797562    
  -483.821350       3891.96875      -2289.97412       105.595222    
  -629.880493       4039.99829      -2355.23682       112.357986    
  -845.035522       4024.52563      -2354.46948       103.360130    
  -622.087769       4141.20947      -2489.21460       55.7285233    
  -1095.71667       4091.58838      -2258.59448       173.293884    
  -292.880554       2372.43188      -2046.19250       169.929794    
  -306.139343       2532.10498      -1322.40759       70.6874008    
  -1065.64099       4351.82959      -2329.70483       98.1686020    
   23.7408752       2221.54858      -1080.93445       125.013306    
   56.5804138       1994.49707      -1030.87720       109.793030    
   121.388367       2369.99463      -1000.32434       70.0850677    
  -102.268158       1977.29810      -1074.76660       55.9059792    
   189.511642       1869.69775      -1179.17981       125.203384    
   236.115692       1679.31665      -1247.82837       82.4976120    
  -95.4630127       2236.45288      -841.122192       143.192215    
  -79.8713989       2426.79956      -1217.38794       142.346207    
   244.041000       2434.72339      -815.049072       161.343231    
  -264.563171       2462.17383      -1237.64185       46.7893791    
   289.003906       2203.79590      -545.377930       196.531937    
   104.720581       2634.55127      -722.493286       99.2150497    
   277.012177       2740.56445      -881.013794       153.261978    
   464.153717       2033.16504      -444.554932       67.9826965    
   57.3782959       2779.97705      -629.400024       79.8398743    
   728.766724       2093.41382      -527.384033       215.771515    
  -79.4991760       2882.98169      -597.413452       94.4105835    
   946.834290       2136.27661      -709.100708       71.3208160    
   889.617004       2183.82349      -312.975342       67.1513290    
   106.845337       3001.93359      -492.397217       150.343735    
  -250.092957       3003.47021      -515.316406       130.006683    
   954.472473       2070.79004      -224.839355       90.1694107    
   5.31710815       3088.42285      -314.990234       71.5867920    
  -138.213440       3160.02637      -447.884888       73.8948441    
   60.6301575       3190.59229      -242.891602       65.1404343    
