# generation_info:
#   script_name: PyFracVAL
#   timestamp: '2025-05-02T20:33:56.784188'
#   iteration: 1
# simulation_parameters:
#   N: 512
#   Df: 1.8
#   kf: 1.25
#   rp_g: 100.0
#   rp_gstd: 1.0512710963760241
#   tol_ov: 1.0e-06
#   n_subcl_percentage: 0.1
#   ext_case: 0
#   seed: 2454110850
# aggregate_properties:
#   N_particles_actual: 512
#   radius_of_gyration: 2830.3282319308287
#   center_of_mass:
#   - 2518.9261528615334
#   - 1007.1806076793472
#   - 155.010978688668
 -3.3577254662e+01   1.1050470063e+02  -1.2124382805e+02   9.6920473388e+01
 -1.7923681481e+02   4.0618919718e+00  -2.1242605304e+02   1.0522050991e+02
 -3.2054656125e+02   1.3913652045e+02  -2.7440947531e+02   9.9853974934e+01
 -3.0831416805e+01   3.1405120704e+02  -1.3397941247e+02   1.0704255024e+02
 -2.5448814157e+02  -8.9811001056e+01  -3.7848721629e+02   9.9843363467e+01
 -1.6828818168e+02   3.8457376962e+02   7.3277199236e-03   9.7457426748e+01
 -3.8553048151e+02   2.5526782637e+01  -4.8114232797e+02   1.0267323130e+02
 -7.7311189330e+01   5.1883572242e+02  -1.5654219309e+02   1.0415912130e+02
  1.0529937338e+02   4.8802990046e+02  -6.8168985168e+01   1.0103698042e+02
 -1.0624182708e+02   6.2137583244e+02   2.4226406551e+01   1.0567114959e+02
 -4.1674983382e+02  -1.5229098688e+02  -2.9011920114e+02   9.5198969127e+01
 -1.2573340372e+02  -2.3914979163e+02  -4.1851770685e+02   1.0135876640e+02
 -6.0370488073e+02  -1.1522358594e+02  -3.1917336690e+02   9.7597105325e+01
 -3.9900329543e+02  -3.3618304122e+02  -3.6144133837e+02   1.0283656943e+02
  4.9006645042e+01  -3.5252871077e+02  -4.2685748502e+02   1.0710805554e+02
  2.9328680180e+02   4.6234851969e+02  -1.2916631814e+02   9.8260488689e+01
  1.3372337770e+01  -4.9144019325e+02  -2.7384018718e+02   1.0260722111e+02
 -1.3421307451e+02  -5.7207467438e+02  -3.7428051197e+02   9.3279563314e+01
  2.3614393204e+02  -4.5878084421e+02  -4.0906201393e+02   1.0882378287e+02
  4.6299567679e+01   6.8053212865e+02  -1.4848162220e+02   9.9532606172e+01
  4.6087747106e+02   4.1963229239e+02  -4.0130970134e+01   9.6260979772e+01
  4.0594839264e+02  -4.6931475110e+02  -2.9000093690e+02   9.8829914655e+01
 -2.7080174650e+02  -6.5028978199e+02  -4.7580660555e+02   9.4021307083e+01
 -1.1382869843e+02  -7.5033137981e+02  -3.1817360798e+02   9.4707033267e+01
  2.7235391835e+02   6.5832459699e+02  -9.6278530477e+01   1.0155546429e+02
 -2.8568228067e+02  -6.2149553243e+02  -6.6607262830e+02   9.8985683770e+01
 -1.3103469199e+02  -7.6484480711e+02  -5.4390890438e+02   9.9099397179e+01
  5.4238952668e+02  -5.6710423633e+02  -3.9617858196e+02   9.9797019037e+01
  6.4204468347e+02  -4.7131153270e+02  -2.3430039953e+02   1.1306899114e+02
  5.7966044801e+02   4.3138535493e+02   1.0917009675e+02   9.4889062511e+01
 -1.6289233811e+01  -9.1201507125e+02  -4.8257265908e+02   9.7338231103e+01
  6.8264834197e+02   2.7742290499e+02   1.6804189281e+02   9.9473564211e+01
  9.8874696406e+01   7.7637690758e+02   2.1845700955e+01   1.0285751914e+02
  2.2155307904e+02   7.5741889365e+02   1.7673630621e+02   9.5638051230e+01
 -4.0230740252e+02  -8.0162315085e+02  -4.7306001457e+02   1.0648572485e+02
 -3.9192834981e+01  -8.9555567257e+02  -6.7789643069e+02   1.0001136354e+02
  1.5917578507e+02   8.7777611595e+02  -1.4004048670e+02   9.7455132752e+01
 -4.2216717789e+01   8.6027507196e+02   1.3179816391e+02   9.4715842569e+01
  3.5781124621e+02   8.8668480729e+02  -1.4006884110e+02   1.0138000502e+02
  4.9109594806e+02   8.9613726082e+02  -2.8322260560e+02   9.4444306334e+01
 -3.7325663921e+02  -7.4374351428e+02  -7.9484308603e+02   9.8993275025e+01
 -4.3453175353e+02  -9.0285628234e+02  -2.8677231478e+02   1.0796628098e+02
  7.7936010103e+02   3.1045318233e+02   3.4312962320e+02   1.0325748150e+02
 -8.6868718590e+01   1.0045615522e+03   1.1867749065e+01   9.8146009449e+01
 -2.1869780524e+02  -7.8116146927e+02  -9.1904360890e+02   1.0278458896e+02
  9.3739485726e+02   1.9755053635e+02   2.8198654312e+02   1.0036095550e+02
  8.7604166525e+02   4.6942310935e+02   2.5102965595e+02   1.0435072288e+02
  8.2835268385e+02   2.4748718223e+02   5.3081541326e+02   1.0068110272e+02
 -3.7219885465e+02  -9.1128793041e+02  -6.8360262298e+02   1.0212035183e+02
  6.1971896321e+01   1.1181226260e+03  -4.0006251204e+01   9.6123283117e+01
  9.1015405970e+02   6.5401139722e+01   5.5512362789e+02   1.0041012351e+02
  1.3674209965e+03   7.4297676533e+02   8.1516181252e+02   9.4212201392e+01
  1.4837299191e+03   8.6534731004e+02   7.4141277642e+02   9.0019272656e+01
  1.3811083827e+03   9.3685478363e+02   6.0377231022e+02   9.5962975043e+01
  1.2775906757e+03   1.0814022603e+03   6.8579227768e+02   9.9835808735e+01
  1.6518564900e+03   8.1475739532e+02   6.3965831620e+02   1.1290892518e+02
  1.3296061066e+03   5.6648848544e+02   7.4823708942e+02   9.8289739891e+01
  1.7727293330e+03   6.7192753777e+02   7.3480320661e+02   9.7003348286e+01
  1.2786963682e+03   4.8388991960e+02   5.7534203607e+02   9.9970251072e+01
  1.8373963805e+03   6.1985735733e+02   5.5607812393e+02   1.0006462453e+02
  1.9019010566e+03   6.1754820061e+02   8.5742972793e+02   8.9221543229e+01
  1.2044356059e+03   4.1614725894e+02   8.0452545439e+02   1.0527479202e+02
  1.9657886580e+03   5.2988880517e+02   7.0241560087e+02   9.9974584671e+01
  1.2903989320e+03   3.0337636778e+02   9.5772636396e+02   1.0347741998e+02
  1.9711649760e+03   5.1455525896e+02   4.4956187589e+02   1.0075439884e+02
  2.0500162888e+03   3.8326326623e+02   5.9948039279e+02   9.7987531687e+01
  1.0108924157e+03   4.5746990355e+02   7.4780308729e+02   1.0059884484e+02
  1.3898527805e+03   1.2058004578e+03   7.9834762928e+02   1.0202156391e+02
  9.0586986179e+02   5.9343503378e+02   6.3707990085e+02   1.0379263610e+02
  8.9492690634e+02   5.9539439062e+02   4.3236859098e+02   1.0122030920e+02
  8.6748400835e+02   3.2561146264e+02   7.8508479740e+02   9.7750709342e+01
  1.4296766394e+03   1.2471454525e+03   9.9849701709e+02   1.0619737317e+02
  2.1414071469e+03   5.0944028352e+02   7.7676179650e+02   9.1825708540e+01
  7.5767517182e+02   4.4777448688e+02   6.7561757921e+02   9.9644470268e+01
  1.4454044373e+03   1.3912609128e+03   8.5194641346e+02   9.8862473837e+01
  2.0226036441e+03   5.3188722010e+02   2.5634012048e+02   9.9946822441e+01
  2.2069848367e+03   6.3115866845e+02   9.0758027659e+02   9.8514180505e+01
  2.1811175674e+03   4.7684682151e+02   3.5704628581e+02   9.5751519639e+01
  2.2499980233e+03   4.4237814725e+02   5.7686323380e+02   1.1177137557e+02
  8.3418937313e+02   6.7248627871e+02   2.5328536063e+02   1.0299284058e+02
  2.0576204848e+03   3.9370625894e+02   1.0245902088e+02   1.0981387448e+02
  8.2325441912e+02   2.9025016402e+02   9.7762110995e+02   1.0294037082e+02
  6.9169563202e+02   5.5229245315e+02   3.3603331414e+02   1.0096363951e+02
  8.2668787517e+02   7.7332320733e+02   7.0044667741e+01   1.0629526270e+02
  2.2166448887e+03   5.2826759274e+02   1.0405860230e+02   9.8508165269e+01
  2.1700655557e+03   6.5917838448e+02  -3.2951167934e+01   9.6630110813e+01
  8.3327731957e+02   1.0654245176e+02   1.0462448695e+03   9.3422055471e+01
  5.8651142585e+02   7.3086781174e+02   3.4579894133e+02   1.0651706657e+02
  2.3777975863e+03   4.8470780026e+02   3.3119515051e+02   1.0277582354e+02
  2.1238062278e+03   2.9823981324e+02  -7.7054412766e+01   1.0400723695e+02
  6.7768908247e+02   6.3688576345e+02   1.2233960562e+01   1.0384253538e+02
  1.4474750372e+03   1.5908104554e+03   8.4228205341e+02   1.0093168826e+02
  2.2856188686e+03   8.0993337377e+02  -7.2531544849e+01   9.7396282122e+01
  1.2763314923e+03   1.6601734186e+03   7.8574803302e+02   9.2193734913e+01
  2.4876514030e+03   6.2155885828e+02   2.2410761071e+02   1.0280582525e+02
  2.5415093644e+03   3.7315536120e+02   3.3528149898e+02   9.5371069418e+01
  7.6990608155e+02  -1.4081145655e+01   9.0672268503e+02   1.0159693343e+02
  8.3493233440e+02  -1.9223956991e+02   8.7543603234e+02   9.0620891781e+01
  4.3845480915e+02   8.5651306604e+02   2.9414364848e+02   9.4420139927e+01
  4.0599263095e+02   6.4471916440e+02   2.8883824654e+02   1.0145683924e+02
  2.4317746843e+03   6.9708717478e+02   2.0400617246e+01   1.0932133644e+02
  7.1431005473e+02   1.9675477453e+02   1.1881291224e+03   1.1254545288e+02
 -6.2268406913e+02   1.3603142296e+03  -1.2750162045e+03   1.0519679496e+02
 -4.4550220644e+02   1.3626577682e+03  -1.1659926798e+03   1.0285376040e+02
 -3.9551864278e+02   1.1712465461e+03  -1.1497235936e+03   9.5643835938e+01
 -3.7616391478e+02   1.5257622327e+03  -1.0554620861e+03   1.0601911285e+02
 -4.6069518194e+02   1.6939540305e+03  -1.1350573256e+03   9.8356566062e+01
 -2.7913788901e+02   1.1651477809e+03  -9.9551995111e+02   9.7644648281e+01
 -6.1926499178e+02   1.4038740827e+03  -1.4736666658e+03   9.8202213525e+01
 -4.1014321270e+02   1.1488635243e+03  -8.4507621785e+02   1.0250751565e+02
 -2.1726659030e+02   1.1742208764e+03  -8.0446589548e+02   9.6222414283e+01
 -5.7586165639e+02   1.7638214768e+03  -9.8171408861e+02   1.0574861568e+02
 -5.3632764066e+02   1.5842102873e+03  -1.5283392642e+03   1.0768329814e+02
 -1.9873529514e+02   9.8957981746e+02  -9.5822161923e+02   9.9027292918e+01
 -6.7906434679e+02   1.7498680526e+03  -8.0456693041e+02   9.9742525283e+01
 -3.4731220860e+02   8.5934220486e+02  -9.8529819402e+02   1.0039706831e+02
 -7.8814679366e+02   1.3715910723e+03  -1.5717632497e+03   9.9752820631e+01
 -5.0442792182e+02   1.5104873441e+03  -1.7168661686e+03   9.7243659820e+01
 -5.3340958980e+02   1.7569968868e+03  -1.6472858586e+03   1.0210711225e+02
 -6.4599374037e+02   1.6928214007e+03  -6.2231719494e+02   9.4069114143e+01
 -4.2669562958e+02   7.5680363261e+02  -1.1460416505e+03   1.0613221564e+02
 -2.9428936100e+01   9.1101466071e+02  -9.0031368508e+02   9.6396492494e+01
 -6.6130682737e+02   1.9484545217e+03  -8.7212250163e+02   1.1077034946e+02
  1.0812015969e+02   1.0323676034e+03  -8.4794688617e+02   9.4361396166e+01
 -6.9339052233e+02   1.6533757191e+03  -1.7423568763e+03   1.1089463324e+02
 -4.4018269443e+02   1.8185821942e+03  -1.8057108722e+03   9.1754923887e+01
  1.7867026754e+02   1.0012279901e+03  -1.0302935446e+03   1.0362167653e+02
  2.0960075623e+02   9.4681333647e+02  -1.2311007304e+03   1.0671418706e+02
  1.4412128457e+02   1.0376864005e+03  -6.5970789784e+02   9.7363112758e+01
 -5.2623946021e+02   2.0678718893e+03  -7.5810763828e+02   1.0254418450e+02
 -3.4504911871e+02   2.1532321092e+03  -7.8974906568e+02   1.0023028858e+02
  8.5372684896e+01   7.7679847580e+02  -8.0585947541e+02   1.0389078668e+02
 -7.6986097233e+02   2.0697446132e+03  -7.3550924696e+02   1.0173487408e+02
 -6.2448129433e+02   2.2248731825e+03  -8.4920469297e+02   1.0385236929e+02
 -7.7967280296e+02   1.5608898282e+03  -1.9122369238e+03   1.0090126504e+02
  3.2689506577e+02   1.0330971403e+03  -7.4175909242e+02   1.0303577680e+02
 -9.5054243822e+02   2.0336426012e+03  -6.5525270778e+02   9.9238406410e+01
  2.1229980168e+02   1.0216788156e+03  -4.7897789357e+02   9.6461259839e+01
 -8.2576172118e+02   2.2592706101e+03  -8.9984264576e+02   1.0653107950e+02
 -6.5252105279e+00   6.0519930955e+02  -7.5404589872e+02   9.7544423183e+01
  4.2802265946e+02   1.0896588757e+03  -5.8162699387e+02   9.4621272430e+01
  4.3746515756e+02   8.8714570079e+02  -8.3905103563e+02   1.0431245712e+02
  1.8005780656e+02   8.6468681738e+02  -3.6598159427e+02   9.9636158355e+01
 -8.0080605066e+02   2.2846123234e+03  -7.0001903163e+02   9.6433116094e+01
  5.3509637790e+02   9.4727645339e+02  -6.2626025483e+02   8.9035100608e+01
 -6.2997476486e+02   2.3829915304e+03  -7.1224925000e+02   1.0107985770e+02
 -6.5947650257e+02   2.4682001416e+03  -8.8752227350e+02   9.6027962314e+01
  4.7613444493e+02   1.1034049818e+03  -3.9382226185e+02   9.9734886979e+01
  1.5267609673e+02   5.1366727903e+02  -6.8044560625e+02   1.0029432908e+02
  5.0311812434e+02   7.6288115301e+02  -6.6099393403e+02   1.0130844137e+02
  6.9972041301e+02   1.0383173778e+03  -6.2518574894e+02   9.9089000488e+01
  4.3719973181e+02   1.0713980750e+03  -1.9364745912e+02   1.0668775134e+02
  5.1664561080e+02   1.2446843909e+03  -1.1897091830e+02   9.8047152100e+01
 -1.7988563725e+03   2.4971298860e+03  -6.8003621167e+02   9.1890470062e+01
 -1.7799359621e+03   2.6549071054e+03  -7.9733520984e+02   1.0562076473e+02
 -1.6655195158e+03   2.5325283337e+03  -5.5605488317e+02   9.3590357165e+01
 -1.6206370245e+03   2.3454708500e+03  -6.0442918485e+02   1.0476541739e+02
 -1.6027517169e+03   2.2321934386e+03  -7.7993790958e+02   1.0488898541e+02
 -1.5543651560e+03   2.5687752427e+03  -3.9057618587e+02   1.0902338712e+02
 -1.6501129171e+03   2.2911243065e+03  -9.7649462929e+02   1.0570653813e+02
 -1.4715772800e+03   2.0907851929e+03  -8.3198154290e+02   9.4889803907e+01
 -1.5333581242e+03   2.3907501916e+03  -2.7066563088e+02   1.0664477319e+02
 -1.4314340714e+03   2.7354337516e+03  -3.6463678704e+02   9.9686848781e+01
 -1.2942217840e+03   2.0695861424e+03  -7.5457162819e+02   9.9780857955e+01
 -1.9272105409e+03   2.6371806485e+03  -9.4420823104e+02   1.0312720098e+02
 -1.1795226150e+03   2.0917045105e+03  -5.9308650590e+02   9.9524350952e+01
 -1.5256506755e+03   2.9027097647e+03  -3.7434963117e+02   9.2543149940e+01
 -1.4755286351e+03   1.9432100952e+03  -9.5768835897e+02   9.9007659383e+01
 -2.0014794311e+03   2.5046133521e+03  -1.0769793764e+03   9.8660145396e+01
 -1.2679651981e+03   2.7707121807e+03  -2.7456577262e+02   9.0259005953e+01
 -1.4390765572e+03   2.8570611147e+03  -2.1013738876e+02   9.7091420133e+01
 -1.2854215806e+03   2.6478189914e+03  -1.1066505039e+02   1.1533989485e+02
 -1.0832884692e+03   1.9703264824e+03  -4.6857499661e+02   9.9213547941e+01
 -1.2065940985e+03   1.8765804873e+03  -3.3355624873e+02   1.0626796485e+02
 -1.5328151885e+03   1.9272231010e+03  -1.1412344824e+03   9.3934074330e+01
 -1.3334996404e+03   1.7146128974e+03  -3.3947281625e+02   9.9580334870e+01
 -8.9569982244e+02   1.9481977244e+03  -4.0328225471e+02   1.0064221125e+02
 -7.7536527364e+02   2.0741574338e+03  -5.2310252010e+02   1.1078897855e+02
 -2.1187805942e+03   2.3618971393e+03  -1.0210042242e+03   9.4370157674e+01
 -1.4999502183e+03   3.0705356053e+03  -2.7839896623e+02   1.0247622442e+02
 -1.4564814689e+03   2.9355871059e+03  -1.8604266964e+01   1.1064446746e+02
 -1.3974026876e+03   3.2189033889e+03  -3.5682407470e+02   9.4194802632e+01
 -1.4204015428e+03   1.5569842768e+03  -4.2892831958e+02   1.0141968940e+02
 -1.2755361331e+03   1.5111460619e+03  -5.5511430848e+02   9.6089886735e+01
 -1.5228716601e+03   3.1269595451e+03  -8.8724063590e+01   9.6736280623e+01
 -1.6208914457e+03   3.2320329060e+03  -2.7827652058e+02   9.9286442058e+01
 -1.5666189296e+03   3.3398439588e+03  -4.1594711294e+02   8.3803484256e+01
 -1.6278897544e+03   3.1115137783e+03   7.5984883320e+01   9.9213736022e+01
 -1.7237365085e+03   3.3563766859e+03  -5.0117934629e+02   9.5706399246e+01
 -6.3225894434e+02   2.0559706991e+03  -3.6303877472e+02   1.0468858731e+02
 -1.2478102629e+03   1.5516248077e+03  -7.5389128695e+02   1.0865273198e+02
 -1.0427498945e+03   1.5328323564e+03  -7.3249826076e+02   9.8375218955e+01
 -1.4280688339e+03   3.4067302365e+03  -5.1070735123e+02   9.6887981830e+01
 -1.6121032177e+03   3.3935044770e+03  -6.6337250757e+02   1.0466097851e+02
 -1.4196945698e+03   3.4515375458e+03  -7.1170045847e+02   1.0203811605e+02
 -1.2701517574e+03   3.5150493084e+03  -4.9923926473e+02   9.4951381753e+01
 -1.2422863840e+03   1.4662207415e+03  -3.6581095273e+02   1.0129195317e+02
 -1.7241257560e+03   3.4748437696e+03  -8.0537154114e+02   9.3654061640e+01
 -1.0553421849e+03   1.4695969698e+03  -5.4549584007e+02   9.9430709262e+01
 -1.0804233728e+03   3.4792299656e+03  -4.4503938877e+02   1.0559166050e+02
 -1.4028122584e+03   3.4967222807e+03  -9.1652230074e+02   1.0838683440e+02
 -1.1950773611e+03   3.5297833093e+03  -9.3639013002e+02   1.0289863561e+02
 -1.3410786976e+03   3.6881815990e+03  -5.2930202641e+02   9.4545822769e+01
 -1.0011983668e+03   3.5722264631e+03  -9.0766107683e+02   9.7640248986e+01
  4.5413958648e+03   1.2778649118e+01   1.2646773604e+02   9.7615816610e+01
  4.4229422342e+03  -1.0555896054e+02   3.2893643977e+01   9.4194410352e+01
  4.4817604762e+03  -7.8522568117e+01  -1.5729627638e+02   1.0671043756e+02
  4.2904731107e+03  -1.4750184743e+02  -2.0139435966e+02   1.0136079578e+02
  4.7230414549e+03  -2.2243485663e+00   4.7486749285e+01   1.0102508207e+02
  4.2832805968e+03  -3.3543342390e+02  -1.2844408236e+02   1.0036117290e+02
  4.2625792911e+03  -3.0577073973e+02  -3.2302207226e+02   9.7550456496e+01
  4.4415507528e+03   1.9452931882e+02   1.4765144829e+02   1.1083346256e+02
  4.4536649193e+03  -3.3697000693e+02  -4.0881586935e+02   1.1422226891e+02
  4.8795621726e+03  -1.2241500242e+02   8.0738003741e+01   9.9100314258e+01
  4.4028964998e+03  -2.3537546832e+02  -5.8053203511e+02   9.1654695024e+01
  4.4174846765e+03  -5.5189026321e+02  -4.1852540822e+02   1.0393822631e+02
  4.5197123793e+03   3.5137767868e+02   3.9819666912e+01   9.4929364310e+01
  4.2280176083e+03  -3.0068065520e+02  -6.2216352046e+02   9.9605794043e+01
  4.5892193791e+03  -6.6860059905e+02  -3.7773328769e+02   1.0767015650e+02
  4.2754974262e+03   1.8905268392e+02   2.6940053735e+02   9.5143578650e+01
  4.7749547809e+03  -6.9064611565e+02  -2.7645740340e+02   1.0502786651e+02
  4.2123739632e+03   4.6716266289e+01   3.8091788909e+02   9.6377561456e+01
  4.3403199153e+03   3.6428648924e+02   2.2434125570e+02   9.7052104161e+01
  4.4087308062e+03   2.7447730562e+02   3.9244420828e+02   1.0532648020e+02
  4.4039044613e+03  -7.6003782054e+02  -4.2227135540e+02   1.0372053330e+02
  4.3867251234e+03   5.2035968893e+02   1.1464114135e+02   9.9280272394e+01
  4.2061892364e+03  -4.5869074735e+02  -7.3838349325e+02   9.7753647374e+01
  4.5591028465e+03  -8.7359328164e+02  -3.6222964435e+02   9.7740104544e+01
  4.2030196247e+03  -6.5541910057e+02  -6.9686136471e+02   1.0333384243e+02
  4.9664756978e+03  -7.7266515491e+02  -2.7770771748e+02   1.0332027413e+02
  4.5737183932e+03   5.5481315618e+02   6.9778001187e+01   9.6081509223e+01
  4.2079958867e+03   5.0669461493e+02   2.0465457386e+02   9.8337988394e+01
  5.1241368782e+03  -6.7808292370e+02  -1.8683290885e+02   1.0176769999e+02
  5.2595207455e+03  -5.7195823675e+02  -2.7249954916e+02   9.0404134466e+01
  4.6958594556e+03   5.7163085006e+02   2.1752229518e+02   9.6349388341e+01
  4.7042122426e+03  -1.0112302387e+03  -3.5246712648e+02   1.0249969055e+02
  4.6229819863e+03   4.6441767200e+02   3.8540686115e+02   1.1576147551e+02
  4.3227940259e+03   5.6679745323e+02   3.6275397421e+02   1.0607919369e+02
  4.1723842889e+03  -8.4852721341e+02  -6.2944998290e+02   1.0348385856e+02
  5.3585051861e+03  -4.9957266007e+02  -4.1213992845e+02   9.5437267571e+01
  4.0303408946e+03   5.9295302729e+02   1.6055591219e+02   1.0401443157e+02
  4.3345489926e+03  -9.6105099129e+02  -6.7272334667e+02   9.8584386698e+01
  5.4157816186e+03  -5.3391503394e+02  -1.6251211878e+02   1.0443421029e+02
  4.7825618623e+03   7.2858791287e+02   2.7104511025e+02   9.0780295659e+01
  5.3763724504e+03  -7.1958208754e+02  -2.9821546991e+02   9.9618050675e+01
  4.4348194164e+03   7.0544723035e+02   4.4194324755e+02   8.8970517462e+01
  4.5512635972e+03   6.2856553595e+02   5.6573007561e+02   9.7558893032e+01
  4.0891553055e+03   7.1621100747e+02   3.0889597216e+02   9.7619985123e+01
  4.7254600879e+03  -1.0364072829e+03  -5.6565037240e+02   1.1321412642e+02
  4.5685859794e+03  -1.1738290966e+03  -5.2552246416e+02   9.9164049977e+01
  3.8323044024e+03   6.1118500608e+02   9.8990684555e+01   1.0417090541e+02
  4.2794815017e+03   7.1881114302e+02   5.4058193976e+02   9.5523529910e+01
  5.5430416158e+03  -5.3369202105e+02  -4.4409012061e+02   9.4927223565e+01
  3.6846088853e+03   6.2653667619e+02  -2.9391194614e+01   9.2123634646e+01
  5.3859829813e+03  -9.0713095271e+02  -2.3893028632e+02   9.7312577018e+01
  4.7210694133e+03   1.1909373399e+03   8.3833416357e+02   1.1407837103e+02
  4.6950844088e+03   1.1929559229e+03   1.0423159060e+03   9.1561718436e+01
  4.5317731843e+03   1.1658343938e+03   7.3593936906e+02   1.0259630249e+02
  4.4663862552e+03   1.3500220570e+03   7.0855281674e+02   9.4762682649e+01
  4.9305774236e+03   1.1500972038e+03   8.3498760302e+02   9.9399315403e+01
  4.9978728306e+03   1.2881091113e+03   7.0360009556e+02   1.0268639795e+02
  5.0631683392e+03   1.1113465751e+03   6.3471035593e+02   9.7948329586e+01
  4.9925479829e+03   9.5755371007e+02   5.3074044690e+02   1.0066995264e+02
  5.2238255144e+03   1.2305760392e+03   6.3501588633e+02   1.0211787552e+02
  5.1191022265e+03   8.2174221007e+02   5.8284134827e+02   9.2138875028e+01
  4.5109573648e+03   1.2260097567e+03   1.0541106940e+03   9.5880115923e+01
  4.9611665729e+03   7.0623347570e+02   5.5603591465e+02   1.0535661774e+02
  5.3792824959e+03   1.1007057209e+03   6.2347215411e+02   1.0077724619e+02
  4.7016536045e+03   1.1904982743e+03   1.2390616098e+03   1.0530896582e+02
  4.4210333376e+03   1.3914003088e+03   1.0221550475e+03   9.5068905403e+01
  4.4686137659e+03   1.1846756294e+03   1.2419551312e+03   1.0106409706e+02
  4.4700631987e+03   9.9394234714e+02   1.3024605068e+03   9.9041340837e+01
  4.2375878238e+03   1.4018721030e+03   9.5325228982e+02   1.0116948281e+02
  4.4626587568e+03   7.9488674790e+02   1.3124514956e+03   1.0040232842e+02
  5.2947192030e+03   1.2083123255e+03   4.4897209564e+02   9.8216545094e+01
  5.4219372816e+03   1.3002319961e+03   6.3008864800e+02   1.0336472213e+02
  5.4012876577e+03   1.4694496172e+03   5.3733560150e+02   9.0707784659e+01
  4.5029609364e+03   1.0614001184e+03   1.4828933455e+03   9.6378262463e+01
  5.0323733659e+03   5.2652130290e+02   4.8705247910e+02   9.9888569307e+01
  4.3100891427e+03   1.0789100309e+03   1.3914965894e+03   1.0279678707e+02
  5.5236363877e+03   1.1199401591e+03   4.9785202309e+02   9.1546509490e+01
  4.0729909958e+03   1.2797054812e+03   9.8474739549e+02   1.0621600602e+02
  5.5437692085e+03   1.4298781758e+03   7.3139383801e+02   1.0136410303e+02
  5.5037761918e+03   1.2623605245e+03   3.7464202762e+02   9.7817401667e+01
  4.9577542615e+03   3.5288106419e+02   5.5932180064e+02   1.0245222756e+02
  4.7859265042e+03   3.3821837018e+02   4.5180602923e+02   1.0077034477e+02
  5.4363118235e+03   1.6217238016e+03   4.2847082498e+02   9.9727661040e+01
  4.2822998248e+03   7.4371990649e+02   1.3812871556e+03   9.9311812561e+01
  5.6133474484e+03   1.4159943354e+03   4.2323743408e+02   9.7043373375e+01
  5.7394670864e+03   1.3757320645e+03   7.7103046317e+02   1.0551876925e+02
  4.3512159790e+03   8.6944829388e+02   1.5241614395e+03   1.0309896953e+02
  5.8018548113e+03   1.2023531223e+03   8.8708939495e+02   1.1224753082e+02
  5.4463329030e+03   1.8195976959e+03   5.0102525240e+02   1.1126675837e+02
  5.9207412879e+03   1.1737740150e+03   1.0515644684e+03   9.2698338826e+01
  4.1735670366e+03   1.2110909076e+03   1.4577993776e+03   9.8464558824e+01
  5.7731014626e+03   1.4067279251e+03   3.1216048577e+02   9.7752160134e+01
  4.3257373736e+03   1.0613385687e+03   1.6092626840e+03   1.0835612899e+02
  3.8790688663e+03   1.2576523872e+03   9.9546750148e+02   8.9250236443e+01
  4.1222837396e+03   6.4687906754e+02   1.2951554456e+03   1.0660556672e+02
  5.9817658948e+03   1.1836589603e+03   7.8612555556e+02   9.4902575483e+01
  5.7560508865e+03   1.5945423314e+03   3.8498090367e+02   1.0440566595e+02
  5.5364078713e+03   2.0076886604e+03   5.2379869989e+02   9.8519658571e+01
  4.2354574167e+03   1.2316128262e+03   1.6896018089e+03   1.0044561525e+02
  3.8369899101e+03   1.0884795316e+03   9.0648514669e+02   1.0647393956e+02
  5.8571445067e+03   1.2450186942e+03   2.3676078942e+02   9.9474163714e+01
  5.5661852935e+03   2.1088288889e+03   6.9011079082e+02   9.8395938331e+01
  3.2335371089e+03   6.8165174907e+02  -1.0086175306e+02   9.7063687489e+01
  3.1190267308e+03   6.7597056645e+02  -2.6151000807e+02   1.0030085938e+02
  3.0027117160e+03   5.1142128965e+02  -2.3353584452e+02   1.0314004353e+02
  2.8373858323e+03   6.2738786793e+02  -2.8389693971e+02   1.0498764571e+02
  2.8476386468e+03   5.4753472920e+02  -4.7983367793e+02   1.0684447971e+02
  2.7313200296e+03   3.9664222978e+02  -4.2167711930e+02   9.2355802438e+01
  3.0870595545e+03   7.3179246341e+02   2.9131928341e+01   1.0509496893e+02
  3.3337683884e+03   5.1074066523e+02  -4.9978445140e+01   1.0749930773e+02
  2.9605804981e+03   7.6874529835e+02   1.8689395638e+02   1.0045629281e+02
  3.4972726314e+03   6.1699184823e+02  -1.0941702068e+02   9.6353324387e+01
  2.6519414943e+03   3.4925444539e+02  -2.4287524441e+02   1.0893171443e+02
  2.7757622272e+03   2.1221763560e+02  -4.6483484336e+02   1.0219529370e+02
  2.6430849482e+03   3.8654230633e+02  -5.9174744661e+02   9.9507050327e+01
  2.4757422859e+03   4.1194438125e+02  -4.9606261371e+02   9.4926535515e+01
  3.5346880981e+03   4.5951212075e+02  -2.1469748363e+02   9.6736700190e+01
  3.5442891565e+03   4.5986076815e+02  -9.3622414818e+00   9.5770825050e+01
  3.5905696879e+03   2.8604635435e+02  -2.8611523983e+02   9.9001952329e+01
  3.5963556285e+03   2.6823628748e+02  -1.3477306221e+01   1.0284385936e+02
  3.0594171089e+03   8.5823218944e+02   3.3835828571e+02   1.0133077904e+02
  3.7481096720e+03   3.5670758705e+02  -9.8425241856e+01   9.2278185380e+01
  3.6122020809e+03   6.2833816366e+01  -4.0864696159e+01   1.0498143823e+02
  2.4236155553e+03   5.4055069409e+02  -3.6295369022e+02   9.7361699311e+01
  3.7608245312e+03   1.8293232770e+02  -2.4053774052e+02   1.0519531164e+02
  2.4931854116e+03   5.8878177036e+02  -5.8107712250e+02   1.0205872162e+02
  3.0062775179e+03   1.0500452731e+03   3.1188350584e+02   9.9460130042e+01
  2.9857368768e+03   8.0676136241e+02   5.2463843285e+02   1.0549841584e+02
  2.4361000540e+03   2.3211455935e+02  -5.5248722139e+02   9.7671511582e+01
  2.3473577861e+03   1.7244267313e+02  -3.8428388736e+02   1.0164804513e+02
  2.3036154452e+03   4.3972792978e+02  -5.8156929726e+02   9.9266584307e+01
  3.8577092863e+03   4.2230374904e+02   3.9280815966e+01   9.5545908587e+01
  2.2585434499e+03   6.2901883015e+02  -5.3818156570e+02   1.0009495906e+02
  3.0319441717e+03   1.0287515930e+03   5.1001103260e+02   1.0145456527e+02
  3.7933253720e+03   7.5694393946e+01   4.6986571912e+01   9.6733425758e+01
  3.9652276618e+03   3.8344867283e+02  -1.1215616258e+02   9.4198858104e+01
  2.4066240611e+03   1.0268079026e+02  -6.9849685335e+02   9.9662589289e+01
  3.0607346625e+03   1.2112780421e+03   4.4370976771e+02   9.4863173954e+01
  2.2804660725e+03   3.5283780327e+02  -7.5181232391e+02   9.3265168035e+01
  3.8022091110e+03  -8.0398880920e+01  -7.2240660610e+01   9.9885912688e+01
  2.8672528996e+03   1.1380572453e+03   5.4123550100e+02   9.8660172260e+01
  3.9804676091e+03   2.6648237014e+02   5.8519873587e+01   1.0375298570e+02
  2.6696065573e+03   1.1408221195e+03   5.0599578722e+02   1.0212219391e+02
  4.0352777793e+03   2.1328589565e+02  -1.8239088798e+02   1.0276638338e+02
  4.1115603776e+03   4.2035292328e+02   4.2874076529e+01   9.8993782623e+01
  4.1490762475e+03   4.0144802864e+02  -1.8091515544e+02   1.0291044755e+02
  2.2225697769e+03   1.8577151492e+02  -5.5035953538e+02   1.0651253267e+02
  4.1163602683e+03   6.5665217083e+01  -7.5723638354e+01   9.6592932710e+01
  2.1225324009e+03   3.8166160394e+02  -5.0050443479e+02   1.0745612621e+02
  4.1051950804e+03   9.8197280911e+01  -3.4348948142e+02   1.0720165000e+02
  4.2326520627e+03   5.8214774698e+02  -1.2173546224e+02   1.0479015711e+02
  2.2647366586e+03  -3.2107232140e+01  -6.8622978324e+02   9.6424959934e+01
  4.2423228773e+03   2.2144541677e+02  -2.3081093842e+02   1.0586087089e+02
  1.6281917967e+03   7.1226088967e+02  -1.1533695943e+03   1.0300515554e+02
  1.4338140088e+03   6.5468238072e+02  -1.1392380396e+03   1.0021322442e+02
  1.7035289835e+03   6.8988620163e+02  -9.6905340731e+02   9.7366437226e+01
  1.8586024116e+03   7.6883276161e+02  -1.0689508841e+03   1.0328209457e+02
  1.8041715893e+03   6.8654936775e+02  -7.9886376149e+02   1.0038235320e+02
  1.9807254365e+03   7.8021933927e+02  -8.4348750174e+02   1.0440193014e+02
  1.7476148674e+03   6.9538095208e+02  -6.0728873511e+02   9.9561765004e+01
  1.9433732165e+03   7.0774901625e+02  -5.7706105870e+02   9.8902369448e+01
  1.4749243636e+03   4.5881472280e+02  -1.1166332544e+03   1.0119476202e+02
  1.7781303740e+03   8.7353511716e+02  -5.0190303551e+02   1.0966597780e+02
  1.9142087503e+03   5.8001277847e+02  -4.2324037697e+02   1.0315681658e+02
  1.4213654376e+03   8.6228631073e+02  -1.1855368240e+03   1.1285468990e+02
  1.4486483060e+03   1.0636280581e+03  -1.2168331634e+03   9.2723312285e+01
  2.0992265152e+03   7.5208439960e+02  -4.6818348653e+02   9.6315976609e+01
  1.5362608477e+03   2.5931928666e+02  -1.1401622069e+03   1.0883905653e+02
  1.3301830598e+03   1.1443499330e+03  -1.0944864978e+03   9.5740854635e+01
  1.6668337473e+03   1.9750870369e+02  -1.2772142434e+03   9.0291782397e+01
  1.6480914528e+03   8.3106309378e+01  -1.1153551815e+03   1.0133345861e+02
  1.7907015719e+03   1.0334170895e+03  -3.6871162997e+02   9.8805196703e+01
  1.4047937442e+03   1.0566791465e+03  -1.4026725798e+03   9.8346828325e+01
  1.5007706111e+03   1.4418032182e+02  -1.3358688903e+03   9.3722480947e+01
  1.8196103675e+03   1.5471051426e+02  -1.3940771277e+03   1.0675977022e+02
  1.9723504125e+03   1.0860394300e+03  -4.3946678749e+02   1.0311484773e+02
  1.2136382229e+03   1.0859201347e+03  -1.3533673175e+03   1.0121889416e+02
  1.6926683903e+03   2.3562604654e+02  -1.5556080655e+03   1.1404293087e+02
  1.3522053504e+03   1.2493347267e+03  -1.4210888460e+03   1.0220458798e+02
  1.4808397493e+03  -2.3955082582e+00  -1.4452013903e+03   9.0221284299e+01
  2.2819925143e+03   8.2292099434e+02  -4.9047774854e+02   1.0096115766e+02
  1.7115415490e+03  -9.6375299001e+00  -1.4762149210e+03   1.0639690042e+02
  1.1414919985e+03   1.2594676728e+03  -1.2685771516e+03   1.0496839424e+02
  2.1704203209e+03   1.1079064487e+03  -4.3922497118e+02   9.6158616637e+01
  2.2121068241e+03   8.6619354541e+02  -3.0907141997e+02   9.8199027649e+01
  1.9033348816e+03   1.2253616734e+03  -3.0123112876e+02   1.0493064819e+02
  2.3620548619e+03   1.0705942182e+03  -4.2882215005e+02   9.9351532770e+01
  2.4754248631e+03   8.3467930361e+02  -4.2357069345e+02   1.0405319658e+02
  1.1318020727e+03   1.1797843676e+03  -1.5121520443e+03   1.0057367054e+02
  1.5760262879e+03   7.7520086127e+01  -1.6472564556e+03   1.0275721252e+02
  2.2516017479e+03   1.1763231663e+03  -2.7573199095e+02   9.8780414628e+01
  2.1375661038e+03   1.1736387330e+03  -1.2585565526e+02   8.9565677194e+01
  9.5214246865e+02   1.1149851316e+03  -1.4626223544e+03   9.6732448192e+01
  2.0021365177e+03   1.0929131210e+03  -2.4364381534e+01   9.7939725078e+01
  1.0368712201e+03   1.0478764251e+03  -1.6332741231e+03   1.0211360097e+02
  1.1591555689e+03   1.3107295066e+03  -1.6582456772e+03   9.7512655998e+01
  1.0078159373e+03   9.1448650352e+02  -1.7752637771e+03   9.4858839964e+01
  2.3299099682e+03   9.8089212846e+02  -1.8131280172e+02   1.1002107288e+02
  1.6242081120e+03  -1.8846420814e+02  -1.4973722806e+03   9.3737414294e+01
  2.0444939026e+03   1.3143141210e+03  -5.3512505492e+01   9.3970506553e+01
  8.5779391903e+02   9.4478198323e+02  -1.6164490353e+03   1.0520313085e+02
  2.1540766797e+03   1.0192111616e+03   6.1239424673e+01   9.1390154436e+01
  2.3834159496e+03   1.2042518926e+03  -1.3426092644e+02   9.6588619846e+01
  9.7796807209e+02   1.3674988417e+03  -1.6101344717e+03   9.8360656429e+01
  4.8723048918e+03   1.3194095088e+03   1.5013688302e+03   1.0386280845e+02
  4.8850992260e+03   1.1243505045e+03   1.5152831000e+03   9.2109937224e+01
  4.8317425028e+03   1.3639413065e+03   1.3076103922e+03   9.9042885656e+01
  4.7073217420e+03   1.0638983355e+03   1.5170749140e+03   9.5673206662e+01
  4.8212307943e+03   9.8829634295e+02   1.6545776552e+03   9.8228668803e+01
  4.8921191425e+03   1.0584187897e+03   1.8128620937e+03   8.8844255272e+01
  5.0757490949e+03   1.1008953405e+03   1.8086021455e+03   9.9682570197e+01
  4.6467641957e+03   1.3913100438e+03   1.3461409555e+03   9.1877585229e+01
  4.9750213047e+03   1.4983316912e+03   1.3073425177e+03   9.7399630942e+01
  5.1686371151e+03   1.4788526450e+03   1.3342639888e+03   9.9047005350e+01
  4.7164364124e+03   9.3460253023e+02   1.8132222166e+03   9.9339002805e+01
  4.8063875946e+03   7.7088522326e+02   1.7459343662e+03   9.9211309692e+01
  5.1061718774e+03   1.6293791439e+03   1.4393361669e+03   9.4860950695e+01
  4.4684756605e+03   1.4571628519e+03   1.3169402528e+03   1.0041405562e+02
  4.9807847787e+03   1.7208323670e+03   1.3099686326e+03   1.0718254828e+02
  4.8877532609e+03   1.8565554263e+03   1.4297208632e+03   9.6327178455e+01
  4.3894591327e+03   1.6307735358e+03   1.2904594505e+03   9.2161940067e+01
  4.6812792115e+03   9.8487552189e+02   1.9987586921e+03   9.6076416767e+01
  4.2737808367e+03   1.4137401807e+03   1.2571717066e+03   1.0782590670e+02
  5.0272057073e+03   1.9338084560e+03   1.3407501538e+03   8.6240076310e+01
  4.9693529657e+03   7.7844283710e+02   1.8558592887e+03   9.7507571776e+01
  4.7625144085e+03   1.9793038284e+03   1.3426846094e+03   9.9446287118e+01
  4.1659844867e+03   1.2325250510e+03   1.2358157310e+03   1.0410581342e+02
  4.2382971217e+03   1.7203248434e+03   1.2007778326e+03   1.0509977153e+02
  4.0581912141e+03   1.3816781271e+03   1.1582681699e+03   9.5593094869e+01
  5.2115252422e+03   1.9278823067e+03   1.3168063734e+03   9.9722594147e+01
  4.8988897104e+03   8.4837867403e+02   2.0236930350e+03   9.7490525737e+01
  5.3442684817e+03   1.8800080733e+03   1.4631402443e+03   1.0356614538e+02
  5.0542495019e+03   6.5845479717e+02   1.7191988998e+03   1.0319273581e+02
  4.1087248160e+03   1.0868821753e+03   1.0971246077e+03   1.0500120419e+02
  5.1186206867e+03   5.6472410449e+02   1.5547616145e+03   9.6729031330e+01
  4.9932294549e+03   5.7865332597e+02   1.8908725677e+03   9.5713194642e+01
  5.0825124599e+03   2.1099645652e+03   1.3305127201e+03   9.8677788572e+01
  3.9208552963e+03   1.4149876181e+03   1.2984796435e+03   1.0347958997e+02
  4.9356699131e+03   2.2155924321e+03   1.4126299096e+03   9.9975710322e+01
  3.8705110809e+03   1.5622730035e+03   1.4365132660e+03   1.0456080440e+02
  3.8640293948e+03   1.7468875531e+03   1.3622717803e+03   9.4527975748e+01
  5.5078248432e+03   1.8649924521e+03   1.5881892067e+03   1.0286397661e+02
  3.8839081752e+03   1.4438126302e+03   1.0685681194e+03   1.1003125480e+02
  3.7468443342e+03   1.7032369628e+03   1.5000130828e+03   9.1510673161e+01
  3.8149563542e+03   1.8458959538e+03   1.6112812181e+03   1.0180625030e+02
  3.7545082247e+03   1.7213354286e+03   1.1972790935e+03   1.0514772245e+02
  5.6056151069e+03   1.6872619502e+03   1.6217455651e+03   1.0274997271e+02
  5.0419699987e+03   2.3720667403e+03   1.3391178813e+03   1.0297240033e+02
  4.8109705355e+03   4.9768960905e+02   1.8860453436e+03   1.0377800629e+02
  3.6681679778e+03   1.5432088987e+03   1.1377567796e+03   1.0155642541e+02
  3.6980516677e+03   1.9115386285e+03   1.1943574291e+03   9.3278929521e+01
  3.6702891499e+03   1.8260792112e+03   1.7556746548e+03   1.0354897325e+02
  5.1864172010e+03   5.8827181227e+02   1.9021288441e+03   9.8041093757e+01
  5.5553015990e+03   2.0580075431e+03   1.5696020959e+03   9.6771562261e+01
  5.5870679783e+03   1.8918802834e+03   1.7854512126e+03   1.1141324779e+02
  6.2731494618e+03   1.8806624949e+03   1.3076579980e+03   9.9420185361e+01
  6.2443897038e+03   2.0034703201e+03   1.4783368925e+03   1.1280651106e+02
  6.1217066079e+03   1.9160741997e+03   1.2074639734e+03   8.5587299348e+01
  6.4534227765e+03   1.8391372066e+03   1.2353591516e+03   9.9199906171e+01
  6.3832677135e+03   1.6530588064e+03   1.1940988626e+03   1.0389936846e+02
  6.6492038702e+03   1.8492089524e+03   1.2229216177e+03   9.7234227713e+01
  6.0451266113e+03   1.7927839179e+03   1.0834158402e+03   1.0533920171e+02
  6.3332563335e+03   1.9136431460e+03   1.6633363972e+03   1.1122700388e+02
  6.1422145617e+03   1.9890523118e+03   1.7182110911e+03   1.0136352484e+02
  6.4009151235e+03   2.0636888641e+03   1.7906539577e+03   9.6862377378e+01
  6.2869810241e+03   1.5369799187e+03   1.0530178552e+03   1.0261766560e+02
  6.7557830788e+03   2.0148884362e+03   1.1762468654e+03   1.0521910406e+02
  6.0987190352e+03   1.8377803468e+03   1.8437982483e+03   9.9999834046e+01
  6.6745400079e+03   2.1209001486e+03   1.0172212244e+03   1.0245389425e+02
  5.9142885706e+03   1.8434696408e+03   1.7527105218e+03   1.0577659383e+02
  6.8181706393e+03   2.2027728378e+03   1.1944810276e+03   9.3590454905e+01
  6.9245488749e+03   2.1620260697e+03   1.3457610233e+03   9.5782893903e+01
  6.9899787118e+03   2.0537245057e+03   1.2028756526e+03   9.5074438879e+01
  5.7727878095e+03   1.8615331295e+03   1.6068888522e+03   9.8215352845e+01
  6.1226397793e+03   1.8930971088e+03   2.0302030259e+03   9.5905467757e+01
  5.7746758832e+03   1.6929522793e+03   1.7341666938e+03   1.0035698458e+02
  7.0255987570e+03   2.0607105268e+03   1.4860459065e+03   1.0460614363e+02
  5.8297269002e+03   1.6838348131e+03   1.9150732143e+03   8.8959976684e+01
  5.7934365645e+03   1.8655297905e+03   1.9521691711e+03   1.0000076867e+02
  7.0207763046e+03   1.8696271814e+03   1.1378422224e+03   1.0258603667e+02
  6.1259580260e+03   1.8016225125e+03   2.2019403954e+03   9.8702693944e+01
  5.7690127556e+03   1.5087673870e+03   1.8870954835e+03   9.8436833500e+01
  7.1220480186e+03   1.7832532713e+03   1.2877475566e+03   9.7883466329e+01
  5.8485271660e+03   1.3341101836e+03   1.8943199168e+03   9.3604496905e+01
  5.7816591680e+03   1.6787523201e+03   2.1009512332e+03   1.0309984874e+02
  6.8310728646e+03   2.2059777117e+03   9.1659660179e+02   1.0215803515e+02
  5.6662493286e+03   1.9540900214e+03   2.0750395125e+03   9.7778472604e+01
  5.5942411302e+03   2.1196001345e+03   2.0052108880e+03   9.5753992240e+01
  5.6836406690e+03   1.5051914564e+03   2.1011029962e+03   9.6226573429e+01
  5.8104076359e+03   1.1458378481e+03   1.8750234853e+03   9.9454880444e+01
  7.0097435935e+03   1.8406641230e+03   9.4535049204e+02   9.2384847600e+01
  5.7285032551e+03   1.2603122112e+03   2.0291597799e+03   1.0141772903e+02
  5.7030372326e+03   1.0658163024e+03   1.7291999972e+03   9.8525777605e+01
  5.4970325058e+03   1.4565648873e+03   2.0638509211e+03   1.0017828109e+02
  5.5563252693e+03   2.1212795193e+03   2.2022391873e+03   1.0489640909e+02
  7.2114771432e+03   1.8000207514e+03   1.4657888852e+03   1.0206010419e+02
  5.6477622215e+03   2.2742090273e+03   2.2954382182e+03   9.6186185951e+01
  7.0870674980e+03   1.6740521442e+03   1.0908894373e+03   1.0918903627e+02
  7.0934592229e+03   2.0059205841e+03   9.4434778917e+02   9.2869059139e+01
  7.1918584608e+03   1.9900048876e+03   1.1197790874e+03   1.0738103967e+02
  7.3157583252e+03   2.0272936024e+03   1.2827038093e+03   1.0067205370e+02
  7.2844363613e+03   1.8340395730e+03   1.0262340101e+03   9.6693771314e+01
  6.9367100402e+03   2.2461382675e+03   7.4190313444e+02   1.0590419268e+02
  5.6687770367e+03   1.2795987593e+03   2.2186560082e+03   9.8201940874e+01
  5.6128210468e+03   1.4820081316e+03   2.2918634536e+03   1.0857195578e+02
  5.4184580343e+03   1.5022737097e+03   2.2326879798e+03   9.1574675578e+01
  4.6542738926e+03   3.8580729434e+02   1.9674503182e+03   1.0526328176e+02
  4.5484618300e+03   2.0374107176e+02   1.9657476938e+03   1.0532446940e+02
