# generation_info:
#   script_name: PyFracVAL
#   timestamp: '2025-05-02T20:31:53.216824'
#   iteration: 1
# simulation_parameters:
#   N: 128
#   Df: 2.0
#   kf: 1.25
#   rp_g: 100.0
#   rp_gstd: 1.0512710963760241
#   tol_ov: 1.0e-06
#   n_subcl_percentage: 0.1
#   ext_case: 0
#   seed: 2453989698
# aggregate_properties:
#   N_particles_actual: 128
#   radius_of_gyration: 1010.3755593299708
#   center_of_mass:
#   - 98.12341575413858
#   - -213.8108938703451
#   - -891.7748459979391
  6.0787188697e+01  -7.4536135385e+01   7.9448534222e+01   9.7619254598e+01
  9.7167391485e+01  -2.4369190858e+02   1.7617999788e+02   1.0060831872e+02
 -1.0124020335e+02  -3.0654016382e+02   1.4703203719e+02   1.0954657770e+02
 -1.0853608505e+02  -3.9518753336e+01  -1.6148281597e+01   9.9954375403e+01
 -7.5944146586e+01  -1.4349767797e+02  -1.8395258396e+02   1.0012594625e+02
 -2.0652924249e+01   1.3270613279e+02  -4.4970648042e+01   9.5533706484e+01
 -2.1239363354e+02   1.4573383859e+02  -5.0893352328e+01   9.6740314501e+01
 -5.7728314521e+01  -1.4596547242e+01  -3.3030676501e+02   9.5748667613e+01
 -8.8418129019e+01  -2.1430515705e+02   3.3865418397e+02   1.0350447064e+02
 -8.8055322081e+01  -4.9986426295e+02   6.3910085876e+01   1.0130243744e+02
 -1.2135809561e+02   2.0467880023e+02  -2.0756866653e+02   9.3809237458e+01
 -1.1821847601e+02  -4.3691942796e+02   3.0781422853e+02   9.8150141844e+01
 -5.6765140666e+01  -2.2475269775e+02  -5.9939000394e+02   9.9519424624e+01
 -2.5629932139e+02  -2.7246971251e+02  -6.0661363152e+02   1.0576813850e+02
 -2.7664330887e+02  -2.5567663406e+02  -4.0006569155e+02   1.0245754871e+02
 -3.6148071739e+02  -4.3522093206e+02  -4.3320846406e+02   9.8868018956e+01
 -4.1003054384e+02  -3.1139622491e+02  -7.5042552912e+02   1.0831227633e+02
 -2.3293158270e+02  -4.4529961385e+02  -2.8398976453e+02   9.8344252830e+01
 -2.2561337479e+02  -2.7446189205e+02  -1.8594963421e+02   9.8762191787e+01
 -1.0437104322e+02  -2.0833499014e+02  -7.9393482335e+02   1.0143716232e+02
 -3.3962055555e+02  -1.5708389903e+02  -8.6974193054e+02   9.9067240547e+01
 -3.7734501636e+01  -4.6784176790e+02  -2.6125820680e+02   9.9460633064e+01
 -7.2586587781e+01  -6.5182718214e+02  -3.4709483389e+02   1.0653263651e+02
 -6.1347667679e+02  -3.2825924649e+02  -7.2415382227e+02   9.7515061726e+01
  1.6769558231e+02   5.2737063209e+02   1.2859845816e+02   9.4095178482e+01
  8.8116626087e+01   3.5171694481e+02   1.7077983100e+02   1.0330364710e+02
  3.3549486406e+02   4.5051519112e+02   1.1779426576e+02   9.0783398793e+01
  3.7904080594e+01   3.0922095985e+02  -1.4149713856e+01   9.2977133982e+01
  1.8845526893e+02   2.0117653500e+02  -7.4040691542e+01   1.0176933520e+02
  1.2355249321e+02   2.7467617010e+02   3.5450447383e+02   9.9046855815e+01
  1.5467977115e+01   6.4025419299e+02   1.4488972872e+02   9.6118773695e+01
  1.4936115550e+02   3.3476332240e+02  -2.2491126895e+02   1.0350051305e+02
  3.1354993144e+02   2.6381271911e+02   3.7882946962e+02   9.2809200957e+01
  2.3908815591e+02   8.4031911018e+01   3.5259589823e+02   1.0354225751e+02
  4.2076425951e+02   4.5070218110e+01   2.7409530305e+02   9.8166848827e+01
  4.9166492611e+02   3.1641502876e+02   4.4225887079e+02   1.0344380728e+02
 -2.1907122515e+02   5.7177186571e+02   7.9770097442e+01   9.5287403637e+01
 -3.5680047454e+02   4.2999218106e+02   7.7863938461e+01   1.0238520084e+02
 -3.3384018538e+02   6.8365711749e+02  -3.9250409427e+01   1.0435253438e+02
 -4.4582622634e+02   7.7307141863e+02   1.1081509207e+02   1.0314552671e+02
 -3.1161559053e+02   8.3158838998e+02   2.4950458938e+02   9.8526254571e+01
 -1.8209585581e+02   9.2900205832e+02   1.3569920512e+02   9.9505182191e+01
 -4.3044973758e+01   8.7758057732e+02  -7.6870339672e+00   1.0674449676e+02
 -5.7695683870e+02   8.0317157235e+02   2.6520168352e+02   1.0163844817e+02
 -1.3519476791e+02   1.0591269674e+03  -3.6357209126e+01   9.8858653157e+01
  1.0429242947e+02   7.3089553459e+02  -6.1599202741e+00   1.0116688875e+02
 -2.0565997525e+02   3.6167381696e+02  -4.0610174197e+01   1.0144552494e+02
  1.7124550175e+02   8.7883731054e+02   1.1699416054e+02   1.0263794578e+02
 -1.6785830276e+00   2.7024539172e+02  -1.5800811262e+03   1.0246107581e+02
 -4.6121416611e+01   8.2438023260e+01  -1.5129304668e+03   1.0188173460e+02
 -1.3760486991e+02   2.5896284334e+02  -1.7245249722e+03   9.6202650085e+01
  8.5052926373e+01   1.6710913233e+02  -1.3864132439e+03   9.9072271733e+01
 -8.6395955152e+01   2.9964382045e+01  -1.3189176655e+03   1.0309750468e+02
 -1.6800017372e+02   6.7829781667e+01  -1.7705676642e+03   1.0273364938e+02
  3.5727112085e+00   6.1737212309e+01  -1.8717061620e+03   9.6523395650e+01
 -7.6278102513e+01   4.3365642110e+02  -1.7861890212e+03   9.8941587492e+01
 -2.8857370660e+02   2.1318986425e+01  -1.3466657054e+03   1.0115855951e+02
  1.0450305583e+02   2.0400699947e+02  -1.9383207818e+03   9.0198682237e+01
 -4.2912624972e+01   1.8070812250e+02  -1.1904569424e+03   9.9674862006e+01
 -8.5753198581e+01  -1.7444252363e+02  -1.2888162086e+03   1.0351491976e+02
 -3.8551381163e+02   2.7960930764e+01  -1.1672733916e+03   1.0285884569e+02
 -5.9276715489e+02   1.6712946753e+01  -1.1733794879e+03   1.0478929383e+02
 -6.1315735283e+02   2.0433294707e+02  -1.0952281800e+03   9.9476835580e+01
 -6.2963792979e+02  -2.5667143223e+01  -1.3644479090e+03   9.4365589585e+01
 -7.9950717170e+02  -7.9737796198e+01  -1.2574149092e+03   1.1356530735e+02
 -4.2924084438e+02   2.5786158671e+02  -1.0987992015e+03   9.2104347046e+01
 -3.1739712780e+02   2.4309288083e+02  -1.2592303671e+03   1.0402135372e+02
 -5.8353844419e+02  -5.6815100231e+01  -1.5458867008e+03   9.5411629797e+01
 -6.5382378336e+02   1.7202599822e+02  -8.8785713104e+02   1.1429933111e+02
 -7.8705315471e+02  -4.1021988018e+01  -1.5117493290e+03   1.1154976744e+02
 -1.0096601310e+03  -5.6806046195e+01  -1.3010218837e+03   1.0228579804e+02
 -2.1322829772e+02  -4.6858753530e+01  -1.0865296505e+03   1.0159123422e+02
  3.1049823592e+02  -4.4741178870e+02  -1.2829088328e+03   1.0002264908e+02
  1.6918387548e+02  -5.8269960965e+02  -1.2575845832e+03   9.7243314994e+01
  1.8497360869e+02  -3.1455279905e+02  -1.3427055464e+03   9.2288531398e+01
  1.8385178811e+02  -2.4181341701e+02  -1.1745226605e+03   9.0953819888e+01
  3.1385036393e+00  -3.1369442329e+02  -1.4109440479e+03   1.0193102301e+02
 -1.3313210617e+02  -4.3037460501e+02  -1.3116011173e+03   1.0313716507e+02
  3.5757042571e+02  -5.4601971096e+02  -1.4562883504e+03   1.0491580636e+02
  2.7930144487e+01  -1.7656194612e+02  -1.0990075435e+03   9.4172748437e+01
  2.4518224654e+02  -7.1900897431e+02  -1.1475921445e+03   9.3686860356e+01
  2.9358471831e+02  -4.7799653628e+02  -1.6461006999e+03   1.0662627231e+02
  5.5285455375e+02  -4.8799675878e+02  -1.4750503423e+03   9.9668078602e+01
  1.2643964545e+02  -7.0139015312e+02  -1.0056510435e+03   9.2209627856e+01
 -3.4177107154e+01  -6.3135189313e+02  -1.0667167075e+03   9.3349296483e+01
 -4.6966703715e+01  -8.2162935666e+02  -1.0517174042e+03   9.7946458846e+01
 -1.3498740728e+02  -6.0922870646e+02  -9.1278648328e+02   9.1979238668e+01
  3.0421539226e+01  -6.1522776807e+02  -7.9815561062e+02   1.0935715966e+02
 -1.3367729230e+01  -9.4712487805e+02  -9.0227546521e+02   1.0007099011e+02
 -2.0598238734e+02  -8.9698205569e+02  -1.1202713593e+03   9.0901791475e+01
 -1.0839347083e+02  -9.7339284446e+02  -7.2367046896e+02   1.0393793693e+02
  9.1342474503e+01  -1.0067932576e+03  -6.8844095032e+02   1.0161291917e+02
 -9.3944575309e+01  -5.2969514250e+02  -6.4862461299e+02   1.0310996659e+02
 -1.2281519998e+02  -1.0663554094e+03  -1.1282580172e+03   9.7957681954e+01
  2.6043606842e+02  -1.0616913236e+03  -7.7862407794e+02   9.7734610699e+01
 -1.2545279850e+02  -4.1172641597e+02  -8.1622861994e+02   1.0425563257e+02
  7.4648402676e+02  -1.0357626144e+03  -1.6467069640e+03   1.0128388469e+02
  5.9264037964e+02  -9.1637517765e+02  -1.6496490430e+03   9.3472074504e+01
  6.2696519256e+02  -1.1974800989e+03  -1.5983386055e+03   1.0554163266e+02
  4.2843726684e+02  -1.1640267551e+03  -1.5666634301e+03   9.8261655435e+01
  6.0206914409e+02  -1.3441998309e+03  -1.7479172245e+03   1.0545660487e+02
  3.0401330753e+02  -1.2329380402e+03  -1.6951555603e+03   9.3415975972e+01
  6.5931701659e+02  -8.9065736940e+02  -1.8301904146e+03   1.0069889761e+02
  4.0041215624e+02  -1.2294068051e+03  -1.3828330359e+03   9.8851437932e+01
  7.8221358776e+02  -1.4274217774e+03  -1.7324292323e+03   9.3585578773e+01
  9.2064345413e+02  -9.8794965087e+02  -1.5519043360e+03   1.0268945648e+02
  3.2325250303e+02  -1.4299682163e+03  -1.7161361920e+03   1.0565994885e+02
  8.2033445238e+02  -8.3560624363e+02  -1.4831192828e+03   9.2251029587e+01
  8.6208570495e+02  -6.2311816942e+02  -1.6874204209e+03   9.9535071491e+01
  8.0281555169e+02  -6.0925359563e+02  -1.5060938120e+03   9.1735722381e+01
  1.0492510893e+03  -6.0039180385e+02  -1.6374265813e+03   9.5520696949e+01
  7.2076451806e+02  -4.5070259980e+02  -1.5775426999e+03   1.0055503137e+02
  9.0602498870e+02  -6.2784063954e+02  -1.8706897604e+03   8.8987110644e+01
  6.8976382651e+02  -3.5813452526e+02  -1.7593724641e+03   1.0582315172e+02
  1.0082283756e+03  -7.7691742511e+02  -1.5572861169e+03   1.0263745211e+02
  1.0426479038e+03  -8.6049726501e+02  -1.7320934910e+03   9.4156632137e+01
  9.0630722129e+02  -5.2491222811e+02  -2.0260176815e+03   9.7348877883e+01
  5.1405184294e+02  -4.5916428337e+02  -1.7052936538e+03   1.0395346974e+02
  8.9634098312e+02  -9.8198386125e+02  -1.7692029581e+03   9.9600485576e+01
  7.3948839734e+02  -3.0962143271e+02  -1.4277808094e+03   1.0604386310e+02
  9.1490377147e+02  -2.0881877826e+02  -1.3824735570e+03   1.0128311476e+02
  8.2902776208e+02  -9.3523681820e+01  -1.5264454636e+03   1.0217586920e+02
  9.4077015623e+02  -3.6548485811e+02  -1.5201741802e+03   1.0889488616e+02
  1.0105417923e+03  -3.0185722563e-01  -1.5560822142e+03   1.0401818682e+02
  6.6147953056e+02  -1.3733862160e+02  -1.6315936649e+03   1.0042793891e+02
  5.7928058494e+02  -5.2428812781e+01  -1.4752414073e+03   9.5562802547e+01
  8.5711026123e+02  -3.5034802188e+02  -1.2354469693e+03   1.1081929946e+02
  4.8880438131e+02  -2.1136623572e+02  -1.5913794210e+03   9.1702173857e+01
