****************************************************
****************************************************
 mstm calculation results
 date, time:
20250822 043120.260 
 input file:
mstm4.inp
****************************************************
 input variables for run     1
 sphere data input file:
temp_pos.dat
 number spheres
    8
 length, ref index scale factors
  1.0471976E+01  1.0000000E+00  0.0000000E+00
 volume cluster radius, area mean sphere radius, circumscribing radius, cross section radius
  2.9004448E+00  1.4473112E+00  9.1386124E+00  2.9004448E+00
 incident plane wave
 Monte Carlo average over incident directions
 t matrix order:
    17
 layer 0 refractive index
  1.0000E+00  0.0000E+00
 number of plane boundaries 
  0
 max_iterations,solution_epsilon, mie_epsilon
     10000  1.0000E-06  1.0000E-06
 maximum Mie order, number of equations:
   5       538
 mean sphere Mie extinction, absorption efficiencies
  3.1420E+00  1.1845E+00
****************************************************
 calculation results for run 
           1
 incidence averages collected: sample:
   40
 number iterations, error, solution time 
     8  6.8081E-07  4.6230E-01
 total extinction, absorption, scattering efficiencies (unpolarized incidence)
  5.1295E+00  1.8347E+00  3.2948E+00
  down and up hemispherical scattering efficiencies (unpol, par, perp) 
  2.7943E-01  3.0231E+00  2.7424E-01  3.0204E+00  2.8461E-01  3.0258E+00
 azimuthal averaged scattering matrix
 number directions, number SM elements:
   181     6
   theta     11          12          22          33          34          44     
    0.00  4.6003E+00 -3.9830E-08  9.9913E-01  9.9913E-01  6.2542E-08  9.9850E-01
    1.00  4.5925E+00 -6.0662E-05  9.9913E-01  9.9913E-01  9.5275E-05  9.9850E-01
    2.00  4.5690E+00 -2.4262E-04  9.9912E-01  9.9912E-01  3.8131E-04  9.9849E-01
    3.00  4.5301E+00 -5.4578E-04  9.9911E-01  9.9911E-01  8.5875E-04  9.9848E-01
    4.00  4.4762E+00 -9.6999E-04  9.9910E-01  9.9910E-01  1.5286E-03  9.9846E-01
    5.00  4.4077E+00 -1.5150E-03  9.9908E-01  9.9908E-01  2.3925E-03  9.9844E-01
    6.00  4.3255E+00 -2.1807E-03  9.9906E-01  9.9905E-01  3.4522E-03  9.9840E-01
    7.00  4.2301E+00 -2.9665E-03  9.9903E-01  9.9902E-01  4.7101E-03  9.9836E-01
    8.00  4.1225E+00 -3.8721E-03  9.9900E-01  9.9897E-01  6.1691E-03  9.9831E-01
    9.00  4.0038E+00 -4.8970E-03  9.9896E-01  9.9892E-01  7.8323E-03  9.9825E-01
   10.00  3.8749E+00 -6.0405E-03  9.9892E-01  9.9885E-01  9.7035E-03  9.9818E-01
   11.00  3.7370E+00 -7.3021E-03  9.9887E-01  9.9877E-01  1.1787E-02  9.9809E-01
   12.00  3.5914E+00 -8.6808E-03  9.9881E-01  9.9867E-01  1.4087E-02  9.9798E-01
   13.00  3.4392E+00 -1.0176E-02  9.9874E-01  9.9855E-01  1.6609E-02  9.9784E-01
   14.00  3.2818E+00 -1.1786E-02  9.9867E-01  9.9841E-01  1.9358E-02  9.9768E-01
   15.00  3.1205E+00 -1.3510E-02  9.9858E-01  9.9823E-01  2.2341E-02  9.9750E-01
   16.00  2.9564E+00 -1.5347E-02  9.9847E-01  9.9802E-01  2.5563E-02  9.9727E-01
   17.00  2.7908E+00 -1.7295E-02  9.9835E-01  9.9777E-01  2.9031E-02  9.9701E-01
   18.00  2.6249E+00 -1.9353E-02  9.9822E-01  9.9748E-01  3.2754E-02  9.9670E-01
   19.00  2.4599E+00 -2.1518E-02  9.9806E-01  9.9714E-01  3.6737E-02  9.9635E-01
   20.00  2.2969E+00 -2.3789E-02  9.9788E-01  9.9673E-01  4.0989E-02  9.9593E-01
   21.00  2.1368E+00 -2.6163E-02  9.9767E-01  9.9626E-01  4.5517E-02  9.9544E-01
   22.00  1.9806E+00 -2.8638E-02  9.9743E-01  9.9571E-01  5.0328E-02  9.9488E-01
   23.00  1.8292E+00 -3.1210E-02  9.9715E-01  9.9506E-01  5.5431E-02  9.9423E-01
   24.00  1.6831E+00 -3.3878E-02  9.9682E-01  9.9431E-01  6.0830E-02  9.9347E-01
   25.00  1.5432E+00 -3.6637E-02  9.9644E-01  9.9345E-01  6.6533E-02  9.9261E-01
   26.00  1.4099E+00 -3.9484E-02  9.9599E-01  9.9244E-01  7.2541E-02  9.9161E-01
   27.00  1.2836E+00 -4.2417E-02  9.9547E-01  9.9128E-01  7.8856E-02  9.9047E-01
   28.00  1.1647E+00 -4.5430E-02  9.9487E-01  9.8994E-01  8.5476E-02  9.8916E-01
   29.00  1.0533E+00 -4.8521E-02  9.9415E-01  9.8839E-01  9.2393E-02  9.8766E-01
   30.00  9.4969E-01 -5.1687E-02  9.9332E-01  9.8661E-01  9.9596E-02  9.8596E-01
   31.00  8.5382E-01 -5.4925E-02  9.9234E-01  9.8456E-01  1.0706E-01  9.8401E-01
   32.00  7.6566E-01 -5.8232E-02  9.9120E-01  9.8221E-01  1.1477E-01  9.8180E-01
   33.00  6.8509E-01 -6.1608E-02  9.8986E-01  9.7953E-01  1.2266E-01  9.7930E-01
   34.00  6.1191E-01 -6.5054E-02  9.8830E-01  9.7647E-01  1.3069E-01  9.7648E-01
   35.00  5.4586E-01 -6.8573E-02  9.8648E-01  9.7299E-01  1.3878E-01  9.7331E-01
   36.00  4.8666E-01 -7.2170E-02  9.8437E-01  9.6906E-01  1.4684E-01  9.6977E-01
   37.00  4.3394E-01 -7.5855E-02  9.8193E-01  9.6464E-01  1.5476E-01  9.6584E-01
   38.00  3.8732E-01 -7.9639E-02  9.7915E-01  9.5971E-01  1.6241E-01  9.6151E-01
   39.00  3.4640E-01 -8.3538E-02  9.7599E-01  9.5427E-01  1.6965E-01  9.5680E-01
   40.00  3.1074E-01 -8.7571E-02  9.7246E-01  9.4832E-01  1.7633E-01  9.5173E-01
   41.00  2.7991E-01 -9.1759E-02  9.6855E-01  9.4191E-01  1.8232E-01  9.4634E-01
   42.00  2.5346E-01 -9.6123E-02  9.6429E-01  9.3508E-01  1.8750E-01  9.4071E-01
   43.00  2.3096E-01 -1.0068E-01  9.5974E-01  9.2794E-01  1.9180E-01  9.3492E-01
   44.00  2.1198E-01 -1.0544E-01  9.5496E-01  9.2059E-01  1.9520E-01  9.2907E-01
   45.00  1.9610E-01 -1.1040E-01  9.5005E-01  9.1316E-01  1.9776E-01  9.2328E-01
   46.00  1.8292E-01 -1.1556E-01  9.4511E-01  9.0579E-01  1.9961E-01  9.1763E-01
   47.00  1.7209E-01 -1.2089E-01  9.4023E-01  8.9857E-01  2.0094E-01  9.1223E-01
   48.00  1.6324E-01 -1.2635E-01  9.3551E-01  8.9161E-01  2.0199E-01  9.0711E-01
   49.00  1.5605E-01 -1.3190E-01  9.3101E-01  8.8494E-01  2.0302E-01  9.0230E-01
   50.00  1.5024E-01 -1.3750E-01  9.2678E-01  8.7859E-01  2.0428E-01  8.9779E-01
   51.00  1.4554E-01 -1.4308E-01  9.2283E-01  8.7252E-01  2.0599E-01  8.9352E-01
   52.00  1.4172E-01 -1.4860E-01  9.1916E-01  8.6669E-01  2.0832E-01  8.8944E-01
   53.00  1.3857E-01 -1.5400E-01  9.1574E-01  8.6100E-01  2.1139E-01  8.8545E-01
   54.00  1.3592E-01 -1.5926E-01  9.1252E-01  8.5539E-01  2.1527E-01  8.8148E-01
   55.00  1.3362E-01 -1.6433E-01  9.0947E-01  8.4975E-01  2.1999E-01  8.7745E-01
   56.00  1.3155E-01 -1.6919E-01  9.0652E-01  8.4400E-01  2.2551E-01  8.7326E-01
   57.00  1.2961E-01 -1.7380E-01  9.0363E-01  8.3807E-01  2.3180E-01  8.6887E-01
   58.00  1.2771E-01 -1.7815E-01  9.0076E-01  8.3187E-01  2.3879E-01  8.6420E-01
   59.00  1.2580E-01 -1.8221E-01  8.9786E-01  8.2536E-01  2.4639E-01  8.5922E-01
   60.00  1.2384E-01 -1.8599E-01  8.9489E-01  8.1849E-01  2.5451E-01  8.5388E-01
   61.00  1.2179E-01 -1.8945E-01  8.9183E-01  8.1123E-01  2.6305E-01  8.4818E-01
   62.00  1.1965E-01 -1.9261E-01  8.8866E-01  8.0354E-01  2.7191E-01  8.4208E-01
   63.00  1.1742E-01 -1.9545E-01  8.8536E-01  7.9543E-01  2.8100E-01  8.3559E-01
   64.00  1.1508E-01 -1.9797E-01  8.8192E-01  7.8688E-01  2.9020E-01  8.2870E-01
   65.00  1.1266E-01 -2.0017E-01  8.7833E-01  7.7791E-01  2.9942E-01  8.2144E-01
   66.00  1.1017E-01 -2.0208E-01  8.7461E-01  7.6853E-01  3.0857E-01  8.1380E-01
   67.00  1.0763E-01 -2.0369E-01  8.7074E-01  7.5876E-01  3.1757E-01  8.0582E-01
   68.00  1.0506E-01 -2.0504E-01  8.6676E-01  7.4863E-01  3.2631E-01  7.9752E-01
   69.00  1.0248E-01 -2.0614E-01  8.6266E-01  7.3819E-01  3.3474E-01  7.8895E-01
   70.00  9.9919E-02 -2.0703E-01  8.5848E-01  7.2748E-01  3.4278E-01  7.8012E-01
   71.00  9.7386E-02 -2.0775E-01  8.5424E-01  7.1654E-01  3.5038E-01  7.7110E-01
   72.00  9.4905E-02 -2.0834E-01  8.4996E-01  7.0544E-01  3.5749E-01  7.6191E-01
   73.00  9.2492E-02 -2.0885E-01  8.4568E-01  6.9423E-01  3.6409E-01  7.5261E-01
   74.00  9.0161E-02 -2.0933E-01  8.4143E-01  6.8295E-01  3.7015E-01  7.4324E-01
   75.00  8.7924E-02 -2.0984E-01  8.3724E-01  6.7167E-01  3.7570E-01  7.3383E-01
   76.00  8.5789E-02 -2.1043E-01  8.3316E-01  6.6042E-01  3.8073E-01  7.2443E-01
   77.00  8.3764E-02 -2.1116E-01  8.2921E-01  6.4926E-01  3.8529E-01  7.1506E-01
   78.00  8.1851E-02 -2.1206E-01  8.2541E-01  6.3820E-01  3.8944E-01  7.0574E-01
   79.00  8.0052E-02 -2.1319E-01  8.2181E-01  6.2728E-01  3.9322E-01  6.9648E-01
   80.00  7.8366E-02 -2.1459E-01  8.1843E-01  6.1651E-01  3.9673E-01  6.8729E-01
   81.00  7.6791E-02 -2.1626E-01  8.1527E-01  6.0588E-01  4.0003E-01  6.7816E-01
   82.00  7.5322E-02 -2.1824E-01  8.1236E-01  5.9538E-01  4.0322E-01  6.6907E-01
   83.00  7.3954E-02 -2.2053E-01  8.0970E-01  5.8500E-01  4.0638E-01  6.6001E-01
   84.00  7.2679E-02 -2.2312E-01  8.0730E-01  5.7468E-01  4.0960E-01  6.5092E-01
   85.00  7.1492E-02 -2.2600E-01  8.0516E-01  5.6440E-01  4.1297E-01  6.4179E-01
   86.00  7.0383E-02 -2.2915E-01  8.0326E-01  5.5411E-01  4.1654E-01  6.3255E-01
   87.00  6.9345E-02 -2.3252E-01  8.0159E-01  5.4375E-01  4.2039E-01  6.2316E-01
   88.00  6.8370E-02 -2.3609E-01  8.0015E-01  5.3326E-01  4.2456E-01  6.1358E-01
   89.00  6.7448E-02 -2.3980E-01  7.9892E-01  5.2259E-01  4.2910E-01  6.0375E-01
   90.00  6.6574E-02 -2.4360E-01  7.9786E-01  5.1168E-01  4.3402E-01  5.9362E-01
   91.00  6.5739E-02 -2.4744E-01  7.9698E-01  5.0047E-01  4.3935E-01  5.8315E-01
   92.00  6.4936E-02 -2.5127E-01  7.9623E-01  4.8892E-01  4.4507E-01  5.7229E-01
   93.00  6.4159E-02 -2.5502E-01  7.9561E-01  4.7697E-01  4.5118E-01  5.6102E-01
   94.00  6.3402E-02 -2.5866E-01  7.9509E-01  4.6459E-01  4.5766E-01  5.4930E-01
   95.00  6.2661E-02 -2.6212E-01  7.9464E-01  4.5174E-01  4.6447E-01  5.3710E-01
   96.00  6.1929E-02 -2.6535E-01  7.9426E-01  4.3839E-01  4.7158E-01  5.2440E-01
   97.00  6.1204E-02 -2.6831E-01  7.9391E-01  4.2452E-01  4.7894E-01  5.1119E-01
   98.00  6.0481E-02 -2.7096E-01  7.9359E-01  4.1011E-01  4.8651E-01  4.9746E-01
   99.00  5.9759E-02 -2.7326E-01  7.9327E-01  3.9515E-01  4.9422E-01  4.8321E-01
  100.00  5.9034E-02 -2.7516E-01  7.9293E-01  3.7964E-01  5.0202E-01  4.6844E-01
  101.00  5.8303E-02 -2.7665E-01  7.9257E-01  3.6357E-01  5.0986E-01  4.5316E-01
  102.00  5.7567E-02 -2.7768E-01  7.9217E-01  3.4695E-01  5.1768E-01  4.3736E-01
  103.00  5.6822E-02 -2.7823E-01  7.9172E-01  3.2978E-01  5.2542E-01  4.2108E-01
  104.00  5.6068E-02 -2.7829E-01  7.9120E-01  3.1209E-01  5.3301E-01  4.0431E-01
  105.00  5.5304E-02 -2.7783E-01  7.9061E-01  2.9387E-01  5.4041E-01  3.8709E-01
  106.00  5.4530E-02 -2.7683E-01  7.8993E-01  2.7516E-01  5.4755E-01  3.6942E-01
  107.00  5.3744E-02 -2.7527E-01  7.8916E-01  2.5597E-01  5.5439E-01  3.5134E-01
  108.00  5.2947E-02 -2.7316E-01  7.8830E-01  2.3632E-01  5.6087E-01  3.3286E-01
  109.00  5.2139E-02 -2.7046E-01  7.8732E-01  2.1623E-01  5.6694E-01  3.1400E-01
  110.00  5.1319E-02 -2.6718E-01  7.8624E-01  1.9573E-01  5.7255E-01  2.9480E-01
  111.00  5.0487E-02 -2.6331E-01  7.8505E-01  1.7484E-01  5.7764E-01  2.7527E-01
  112.00  4.9644E-02 -2.5883E-01  7.8373E-01  1.5359E-01  5.8218E-01  2.5544E-01
  113.00  4.8791E-02 -2.5375E-01  7.8230E-01  1.3201E-01  5.8610E-01  2.3533E-01
  114.00  4.7927E-02 -2.4807E-01  7.8075E-01  1.1012E-01  5.8937E-01  2.1497E-01
  115.00  4.7055E-02 -2.4178E-01  7.7909E-01  8.7965E-02  5.9194E-01  1.9440E-01
  116.00  4.6173E-02 -2.3489E-01  7.7731E-01  6.5568E-02  5.9375E-01  1.7363E-01
  117.00  4.5285E-02 -2.2740E-01  7.7541E-01  4.2967E-02  5.9476E-01  1.5271E-01
  118.00  4.4390E-02 -2.1933E-01  7.7341E-01  2.0199E-02  5.9492E-01  1.3166E-01
  119.00  4.3491E-02 -2.1069E-01  7.7130E-01 -2.6974E-03  5.9419E-01  1.1052E-01
  120.00  4.2589E-02 -2.0151E-01  7.6909E-01 -2.5679E-02  5.9251E-01  8.9334E-02
  121.00  4.1685E-02 -1.9180E-01  7.6678E-01 -4.8701E-02  5.8984E-01  6.8143E-02
  122.00  4.0781E-02 -1.8161E-01  7.6439E-01 -7.1716E-02  5.8613E-01  4.6993E-02
  123.00  3.9880E-02 -1.7097E-01  7.6192E-01 -9.4672E-02  5.8135E-01  2.5936E-02
  124.00  3.8983E-02 -1.5994E-01  7.5937E-01 -1.1752E-01  5.7545E-01  5.0250E-03
  125.00  3.8092E-02 -1.4856E-01  7.5676E-01 -1.4019E-01  5.6839E-01 -1.5682E-02
  126.00  3.7209E-02 -1.3691E-01  7.5408E-01 -1.6264E-01  5.6015E-01 -3.6122E-02
  127.00  3.6337E-02 -1.2506E-01  7.5135E-01 -1.8481E-01  5.5070E-01 -5.6230E-02
  128.00  3.5478E-02 -1.1309E-01  7.4856E-01 -2.0664E-01  5.4003E-01 -7.5938E-02
  129.00  3.4634E-02 -1.0109E-01  7.4572E-01 -2.2806E-01  5.2812E-01 -9.5175E-02
  130.00  3.3806E-02 -8.9149E-02  7.4283E-01 -2.4902E-01  5.1499E-01 -1.1387E-01
  131.00  3.2998E-02 -7.7382E-02  7.3989E-01 -2.6946E-01  5.0065E-01 -1.3194E-01
  132.00  3.2211E-02 -6.5892E-02  7.3690E-01 -2.8932E-01  4.8513E-01 -1.4932E-01
  133.00  3.1446E-02 -5.4788E-02  7.3385E-01 -3.0857E-01  4.6847E-01 -1.6594E-01
  134.00  3.0706E-02 -4.4181E-02  7.3073E-01 -3.2714E-01  4.5072E-01 -1.8171E-01
  135.00  2.9993E-02 -3.4180E-02  7.2754E-01 -3.4501E-01  4.3197E-01 -1.9657E-01
  136.00  2.9307E-02 -2.4891E-02  7.2426E-01 -3.6214E-01  4.1229E-01 -2.1046E-01
  137.00  2.8650E-02 -1.6409E-02  7.2087E-01 -3.7850E-01  3.9179E-01 -2.2330E-01
  138.00  2.8024E-02 -8.8240E-03  7.1736E-01 -3.9407E-01  3.7059E-01 -2.3505E-01
  139.00  2.7430E-02 -2.2088E-03  7.1371E-01 -4.0883E-01  3.4881E-01 -2.4565E-01
  140.00  2.6868E-02  3.3773E-03  7.0990E-01 -4.2279E-01  3.2661E-01 -2.5505E-01
  141.00  2.6340E-02  7.8937E-03  7.0591E-01 -4.3594E-01  3.0412E-01 -2.6321E-01
  142.00  2.5846E-02  1.1320E-02  7.0171E-01 -4.4829E-01  2.8153E-01 -2.7011E-01
  143.00  2.5387E-02  1.3658E-02  6.9730E-01 -4.5984E-01  2.5898E-01 -2.7572E-01
  144.00  2.4962E-02  1.4931E-02  6.9265E-01 -4.7061E-01  2.3665E-01 -2.8003E-01
  145.00  2.4574E-02  1.5186E-02  6.8774E-01 -4.8062E-01  2.1470E-01 -2.8302E-01
  146.00  2.4221E-02  1.4494E-02  6.8257E-01 -4.8988E-01  1.9330E-01 -2.8471E-01
  147.00  2.3904E-02  1.2942E-02  6.7713E-01 -4.9841E-01  1.7261E-01 -2.8510E-01
  148.00  2.3622E-02  1.0641E-02  6.7142E-01 -5.0623E-01  1.5275E-01 -2.8420E-01
  149.00  2.3376E-02  7.7122E-03  6.6544E-01 -5.1334E-01  1.3387E-01 -2.8205E-01
  150.00  2.3165E-02  4.2919E-03  6.5920E-01 -5.1977E-01  1.1608E-01 -2.7869E-01
  151.00  2.2989E-02  5.2218E-04  6.5273E-01 -5.2553E-01  9.9465E-02 -2.7415E-01
  152.00  2.2846E-02 -3.4520E-03  6.4604E-01 -5.3062E-01  8.4101E-02 -2.6850E-01
  153.00  2.2737E-02 -7.4876E-03  6.3916E-01 -5.3505E-01  7.0037E-02 -2.6179E-01
  154.00  2.2659E-02 -1.1448E-02  6.3213E-01 -5.3883E-01  5.7304E-02 -2.5410E-01
  155.00  2.2612E-02 -1.5207E-02  6.2499E-01 -5.4196E-01  4.5906E-02 -2.4550E-01
  156.00  2.2595E-02 -1.8653E-02  6.1777E-01 -5.4447E-01  3.5829E-02 -2.3609E-01
  157.00  2.2605E-02 -2.1693E-02  6.1053E-01 -5.4636E-01  2.7040E-02 -2.2595E-01
  158.00  2.2642E-02 -2.4250E-02  6.0332E-01 -5.4764E-01  1.9488E-02 -2.1519E-01
  159.00  2.2703E-02 -2.6270E-02  5.9617E-01 -5.4835E-01  1.3106E-02 -2.0391E-01
  160.00  2.2786E-02 -2.7721E-02  5.8913E-01 -5.4850E-01  7.8180E-03 -1.9222E-01
  161.00  2.2889E-02 -2.8589E-02  5.8225E-01 -5.4814E-01  3.5355E-03 -1.8024E-01
  162.00  2.3010E-02 -2.8881E-02  5.7557E-01 -5.4729E-01  1.6526E-04 -1.6806E-01
  163.00  2.3146E-02 -2.8621E-02  5.6912E-01 -5.4602E-01 -2.3902E-03 -1.5582E-01
  164.00  2.3295E-02 -2.7850E-02  5.6294E-01 -5.4436E-01 -4.2297E-03 -1.4361E-01
  165.00  2.3453E-02 -2.6619E-02  5.5705E-01 -5.4237E-01 -5.4510E-03 -1.3156E-01
  166.00  2.3619E-02 -2.4992E-02  5.5149E-01 -5.4011E-01 -6.1491E-03 -1.1975E-01
  167.00  2.3788E-02 -2.3039E-02  5.4627E-01 -5.3764E-01 -6.4148E-03 -1.0830E-01
  168.00  2.3959E-02 -2.0834E-02  5.4141E-01 -5.3503E-01 -6.3334E-03 -9.7308E-02
  169.00  2.4129E-02 -1.8456E-02  5.3692E-01 -5.3235E-01 -5.9838E-03 -8.6854E-02
  170.00  2.4295E-02 -1.5981E-02  5.3281E-01 -5.2964E-01 -5.4380E-03 -7.7027E-02
  171.00  2.4453E-02 -1.3486E-02  5.2909E-01 -5.2698E-01 -4.7609E-03 -6.7903E-02
  172.00  2.4603E-02 -1.1043E-02  5.2576E-01 -5.2443E-01 -4.0100E-03 -5.9553E-02
  173.00  2.4741E-02 -8.7188E-03  5.2282E-01 -5.2204E-01 -3.2356E-03 -5.2038E-02
  174.00  2.4865E-02 -6.5751E-03  5.2028E-01 -5.1985E-01 -2.4813E-03 -4.5414E-02
  175.00  2.4974E-02 -4.6661E-03  5.1813E-01 -5.1793E-01 -1.7836E-03 -3.9729E-02
  176.00  2.5065E-02 -3.0390E-03  5.1638E-01 -5.1629E-01 -1.1728E-03 -3.5023E-02
  177.00  2.5138E-02 -1.7325E-03  5.1502E-01 -5.1499E-01 -6.7332E-04 -3.1329E-02
  178.00  2.5190E-02 -7.7737E-04  5.1404E-01 -5.1404E-01 -3.0354E-04 -2.8672E-02
  179.00  2.5222E-02 -1.9545E-04  5.1346E-01 -5.1346E-01 -7.6526E-05 -2.7070E-02
  180.00  2.5233E-02 -4.8531E-15  5.1327E-01 -5.1327E-01 -1.9019E-15 -2.6535E-02
 diffuse scattering matrix 
   theta     11          12          22          33          34          44     
    0.00  1.9158E+00 -1.8289E-08  9.9657E-01  9.9657E-01  6.4107E-08  9.9401E-01
    1.00  1.9216E+00 -2.8061E-05  9.9657E-01  9.9657E-01  9.7649E-05  9.9403E-01
    2.00  1.9388E+00 -1.1466E-04  9.9660E-01  9.9660E-01  3.9069E-04  9.9408E-01
    3.00  1.9666E+00 -2.6665E-04  9.9664E-01  9.9664E-01  8.7945E-04  9.9418E-01
    4.00  2.0039E+00 -4.9426E-04  9.9670E-01  9.9670E-01  1.5645E-03  9.9429E-01
    5.00  2.0489E+00 -8.0968E-04  9.9676E-01  9.9676E-01  2.4470E-03  9.9443E-01
    6.00  2.0999E+00 -1.2256E-03  9.9683E-01  9.9682E-01  3.5282E-03  9.9458E-01
    7.00  2.1545E+00 -1.7537E-03  9.9690E-01  9.9688E-01  4.8102E-03  9.9472E-01
    8.00  2.2104E+00 -2.4045E-03  9.9696E-01  9.9694E-01  6.2957E-03  9.9486E-01
    9.00  2.2651E+00 -3.1860E-03  9.9701E-01  9.9698E-01  7.9880E-03  9.9499E-01
   10.00  2.3161E+00 -4.1043E-03  9.9706E-01  9.9700E-01  9.8911E-03  9.9510E-01
   11.00  2.3612E+00 -5.1634E-03  9.9709E-01  9.9700E-01  1.2009E-02  9.9518E-01
   12.00  2.3981E+00 -6.3656E-03  9.9710E-01  9.9698E-01  1.4348E-02  9.9523E-01
   13.00  2.4250E+00 -7.7117E-03  9.9710E-01  9.9693E-01  1.6914E-02  9.9524E-01
   14.00  2.4403E+00 -9.2013E-03  9.9709E-01  9.9685E-01  1.9712E-02  9.9522E-01
   15.00  2.4429E+00 -1.0833E-02  9.9705E-01  9.9673E-01  2.2749E-02  9.9515E-01
   16.00  2.4319E+00 -1.2606E-02  9.9699E-01  9.9656E-01  2.6034E-02  9.9504E-01
   17.00  2.4071E+00 -1.4516E-02  9.9691E-01  9.9635E-01  2.9574E-02  9.9487E-01
   18.00  2.3683E+00 -1.6562E-02  9.9680E-01  9.9609E-01  3.3376E-02  9.9464E-01
   19.00  2.3162E+00 -1.8740E-02  9.9666E-01  9.9576E-01  3.7451E-02  9.9435E-01
   20.00  2.2514E+00 -2.1046E-02  9.9649E-01  9.9536E-01  4.1805E-02  9.9398E-01
   21.00  2.1749E+00 -2.3477E-02  9.9629E-01  9.9488E-01  4.6449E-02  9.9353E-01
   22.00  2.0883E+00 -2.6030E-02  9.9604E-01  9.9432E-01  5.1391E-02  9.9299E-01
   23.00  1.9930E+00 -2.8700E-02  9.9575E-01  9.9364E-01  5.6639E-02  9.9235E-01
   24.00  1.8906E+00 -3.1482E-02  9.9540E-01  9.9286E-01  6.2200E-02  9.9160E-01
   25.00  1.7829E+00 -3.4373E-02  9.9499E-01  9.9193E-01  6.8081E-02  9.9071E-01
   26.00  1.6718E+00 -3.7368E-02  9.9451E-01  9.9086E-01  7.4287E-02  9.8968E-01
   27.00  1.5588E+00 -4.0462E-02  9.9394E-01  9.8960E-01  8.0820E-02  9.8848E-01
   28.00  1.4456E+00 -4.3649E-02  9.9327E-01  9.8815E-01  8.7679E-02  9.8709E-01
   29.00  1.3337E+00 -4.6926E-02  9.9249E-01  9.8647E-01  9.4860E-02  9.8550E-01
   30.00  1.2244E+00 -5.0288E-02  9.9157E-01  9.8453E-01  1.0235E-01  9.8368E-01
   31.00  1.1190E+00 -5.3730E-02  9.9048E-01  9.8230E-01  1.1014E-01  9.8159E-01
   32.00  1.0184E+00 -5.7248E-02  9.8921E-01  9.7974E-01  1.1819E-01  9.7920E-01
   33.00  9.2339E-01 -6.0839E-02  9.8773E-01  9.7680E-01  1.2647E-01  9.7650E-01
   34.00  8.3449E-01 -6.4499E-02  9.8599E-01  9.7343E-01  1.3492E-01  9.7343E-01
   35.00  7.5213E-01 -6.8229E-02  9.8397E-01  9.6961E-01  1.4349E-01  9.6997E-01
   36.00  6.7652E-01 -7.2028E-02  9.8162E-01  9.6527E-01  1.5208E-01  9.6610E-01
   37.00  6.0773E-01 -7.5898E-02  9.7890E-01  9.6037E-01  1.6058E-01  9.6178E-01
   38.00  5.4568E-01 -7.9843E-02  9.7578E-01  9.5489E-01  1.6888E-01  9.5699E-01
   39.00  4.9018E-01 -8.3869E-02  9.7223E-01  9.4879E-01  1.7684E-01  9.5174E-01
   40.00  4.4095E-01 -8.7985E-02  9.6821E-01  9.4206E-01  1.8428E-01  9.4604E-01
   41.00  3.9763E-01 -9.2201E-02  9.6372E-01  9.3473E-01  1.9106E-01  9.3991E-01
   42.00  3.5983E-01 -9.6527E-02  9.5877E-01  9.2684E-01  1.9702E-01  9.3341E-01
   43.00  3.2710E-01 -1.0098E-01  9.5339E-01  9.1846E-01  2.0201E-01  9.2662E-01
   44.00  2.9899E-01 -1.0556E-01  9.4764E-01  9.0970E-01  2.0594E-01  9.1966E-01
   45.00  2.7505E-01 -1.1028E-01  9.4159E-01  9.0070E-01  2.0877E-01  9.1264E-01
   46.00  2.5483E-01 -1.1514E-01  9.3536E-01  8.9162E-01  2.1052E-01  9.0569E-01
   47.00  2.3789E-01 -1.2015E-01  9.2906E-01  8.8262E-01  2.1129E-01  8.9895E-01
   48.00  2.2383E-01 -1.2530E-01  9.2283E-01  8.7385E-01  2.1124E-01  8.9253E-01
   49.00  2.1226E-01 -1.3056E-01  9.1677E-01  8.6545E-01  2.1059E-01  8.8654E-01
   50.00  2.0283E-01 -1.3594E-01  9.1099E-01  8.5753E-01  2.0962E-01  8.8101E-01
   51.00  1.9523E-01 -1.4140E-01  9.0558E-01  8.5013E-01  2.0861E-01  8.7598E-01
   52.00  1.8914E-01 -1.4692E-01  9.0058E-01  8.4328E-01  2.0781E-01  8.7141E-01
   53.00  1.8432E-01 -1.5248E-01  8.9601E-01  8.3693E-01  2.0749E-01  8.6726E-01
   54.00  1.8053E-01 -1.5805E-01  8.9187E-01  8.3104E-01  2.0783E-01  8.6346E-01
   55.00  1.7757E-01 -1.6361E-01  8.8813E-01  8.2550E-01  2.0899E-01  8.5989E-01
   56.00  1.7524E-01 -1.6912E-01  8.8476E-01  8.2022E-01  2.1108E-01  8.5647E-01
   57.00  1.7339E-01 -1.7456E-01  8.8168E-01  8.1508E-01  2.1414E-01  8.5309E-01
   58.00  1.7188E-01 -1.7990E-01  8.7886E-01  8.0997E-01  2.1821E-01  8.4965E-01
   59.00  1.7059E-01 -1.8512E-01  8.7623E-01  8.0480E-01  2.2325E-01  8.4605E-01
   60.00  1.6943E-01 -1.9018E-01  8.7373E-01  7.9946E-01  2.2922E-01  8.4222E-01
   61.00  1.6830E-01 -1.9506E-01  8.7132E-01  7.9386E-01  2.3607E-01  8.3809E-01
   62.00  1.6714E-01 -1.9973E-01  8.6895E-01  7.8795E-01  2.4370E-01  8.3361E-01
   63.00  1.6590E-01 -2.0416E-01  8.6658E-01  7.8165E-01  2.5203E-01  8.2871E-01
   64.00  1.6454E-01 -2.0833E-01  8.6417E-01  7.7493E-01  2.6096E-01  8.2338E-01
   65.00  1.6303E-01 -2.1219E-01  8.6170E-01  7.6774E-01  2.7038E-01  8.1759E-01
   66.00  1.6135E-01 -2.1575E-01  8.5916E-01  7.6008E-01  2.8018E-01  8.1133E-01
   67.00  1.5949E-01 -2.1897E-01  8.5652E-01  7.5192E-01  2.9025E-01  8.0459E-01
   68.00  1.5746E-01 -2.2184E-01  8.5378E-01  7.4328E-01  3.0049E-01  7.9739E-01
   69.00  1.5528E-01 -2.2435E-01  8.5094E-01  7.3417E-01  3.1078E-01  7.8973E-01
   70.00  1.5294E-01 -2.2651E-01  8.4800E-01  7.2460E-01  3.2101E-01  7.8165E-01
   71.00  1.5048E-01 -2.2831E-01  8.4496E-01  7.1462E-01  3.3109E-01  7.7317E-01
   72.00  1.4791E-01 -2.2978E-01  8.4184E-01  7.0427E-01  3.4093E-01  7.6433E-01
   73.00  1.4527E-01 -2.3094E-01  8.3866E-01  6.9359E-01  3.5043E-01  7.5518E-01
   74.00  1.4258E-01 -2.3181E-01  8.3544E-01  6.8264E-01  3.5953E-01  7.4577E-01
   75.00  1.3987E-01 -2.3245E-01  8.3219E-01  6.7148E-01  3.6816E-01  7.3613E-01
   76.00  1.3717E-01 -2.3289E-01  8.2896E-01  6.6016E-01  3.7629E-01  7.2633E-01
   77.00  1.3449E-01 -2.3319E-01  8.2576E-01  6.4874E-01  3.8390E-01  7.1640E-01
   78.00  1.3186E-01 -2.3341E-01  8.2262E-01  6.3728E-01  3.9096E-01  7.0639E-01
   79.00  1.2930E-01 -2.3360E-01  8.1958E-01  6.2583E-01  3.9749E-01  6.9635E-01
   80.00  1.2682E-01 -2.3384E-01  8.1667E-01  6.1441E-01  4.0353E-01  6.8629E-01
   81.00  1.2444E-01 -2.3416E-01  8.1389E-01  6.0307E-01  4.0911E-01  6.7625E-01
   82.00  1.2216E-01 -2.3462E-01  8.1129E-01  5.9182E-01  4.1430E-01  6.6622E-01
   83.00  1.2000E-01 -2.3528E-01  8.0887E-01  5.8067E-01  4.1915E-01  6.5622E-01
   84.00  1.1794E-01 -2.3615E-01  8.0666E-01  5.6960E-01  4.2376E-01  6.4622E-01
   85.00  1.1599E-01 -2.3727E-01  8.0465E-01  5.5861E-01  4.2820E-01  6.3622E-01
   86.00  1.1415E-01 -2.3865E-01  8.0285E-01  5.4766E-01  4.3255E-01  6.2618E-01
   87.00  1.1241E-01 -2.4029E-01  8.0126E-01  5.3671E-01  4.3689E-01  6.1606E-01
   88.00  1.1077E-01 -2.4219E-01  7.9987E-01  5.2571E-01  4.4129E-01  6.0583E-01
   89.00  1.0922E-01 -2.4432E-01  7.9867E-01  5.1462E-01  4.4583E-01  5.9544E-01
   90.00  1.0774E-01 -2.4665E-01  7.9764E-01  5.0338E-01  4.5054E-01  5.8485E-01
   91.00  1.0634E-01 -2.4916E-01  7.9677E-01  4.9192E-01  4.5547E-01  5.7400E-01
   92.00  1.0500E-01 -2.5180E-01  7.9605E-01  4.8021E-01  4.6066E-01  5.6286E-01
   93.00  1.0371E-01 -2.5453E-01  7.9543E-01  4.6818E-01  4.6612E-01  5.5138E-01
   94.00  1.0246E-01 -2.5729E-01  7.9492E-01  4.5579E-01  4.7186E-01  5.3953E-01
   95.00  1.0125E-01 -2.6004E-01  7.9448E-01  4.4298E-01  4.7788E-01  5.2726E-01
   96.00  1.0008E-01 -2.6273E-01  7.9410E-01  4.2972E-01  4.8417E-01  5.1454E-01
   97.00  9.8920E-02 -2.6531E-01  7.9375E-01  4.1597E-01  4.9071E-01  5.0136E-01
   98.00  9.7782E-02 -2.6772E-01  7.9342E-01  4.0171E-01  4.9748E-01  4.8769E-01
   99.00  9.6655E-02 -2.6993E-01  7.9310E-01  3.8690E-01  5.0443E-01  4.7351E-01
  100.00  9.5534E-02 -2.7187E-01  7.9276E-01  3.7153E-01  5.1154E-01  4.5880E-01
  101.00  9.4416E-02 -2.7352E-01  7.9239E-01  3.5558E-01  5.1876E-01  4.4357E-01
  102.00  9.3295E-02 -2.7481E-01  7.9198E-01  3.3905E-01  5.2605E-01  4.2781E-01
  103.00  9.2170E-02 -2.7573E-01  7.9153E-01  3.2194E-01  5.3336E-01  4.1151E-01
  104.00  9.1036E-02 -2.7622E-01  7.9101E-01  3.0423E-01  5.4064E-01  3.9468E-01
  105.00  8.9891E-02 -2.7625E-01  7.9043E-01  2.8595E-01  5.4784E-01  3.7732E-01
  106.00  8.8732E-02 -2.7579E-01  7.8977E-01  2.6709E-01  5.5489E-01  3.5946E-01
  107.00  8.7557E-02 -2.7480E-01  7.8903E-01  2.4768E-01  5.6174E-01  3.4111E-01
  108.00  8.6364E-02 -2.7327E-01  7.8821E-01  2.2774E-01  5.6833E-01  3.2227E-01
  109.00  8.5150E-02 -2.7117E-01  7.8730E-01  2.0729E-01  5.7459E-01  3.0299E-01
  110.00  8.3914E-02 -2.6847E-01  7.8629E-01  1.8636E-01  5.8047E-01  2.8329E-01
  111.00  8.2656E-02 -2.6516E-01  7.8519E-01  1.6499E-01  5.8589E-01  2.6320E-01
  112.00  8.1375E-02 -2.6123E-01  7.8399E-01  1.4320E-01  5.9080E-01  2.4276E-01
  113.00  8.0069E-02 -2.5666E-01  7.8268E-01  1.2105E-01  5.9512E-01  2.2200E-01
  114.00  7.8739E-02 -2.5145E-01  7.8127E-01  9.8571E-02  5.9880E-01  2.0097E-01
  115.00  7.7386E-02 -2.4559E-01  7.7976E-01  7.5814E-02  6.0176E-01  1.7970E-01
  116.00  7.6010E-02 -2.3910E-01  7.7814E-01  5.2827E-02  6.0395E-01  1.5826E-01
  117.00  7.4614E-02 -2.3197E-01  7.7642E-01  2.9658E-02  6.0531E-01  1.3667E-01
  118.00  7.3198E-02 -2.2422E-01  7.7460E-01  6.3580E-03  6.0579E-01  1.1500E-01
  119.00  7.1766E-02 -2.1586E-01  7.7269E-01 -1.7022E-02  6.0531E-01  9.3280E-02
  120.00  7.0320E-02 -2.0693E-01  7.7067E-01 -4.0431E-02  6.0384E-01  7.1573E-02
  121.00  6.8863E-02 -1.9745E-01  7.6857E-01 -6.3818E-02  6.0132E-01  4.9924E-02
  122.00  6.7399E-02 -1.8745E-01  7.6638E-01 -8.7134E-02  5.9771E-01  2.8383E-02
  123.00  6.5932E-02 -1.7698E-01  7.6410E-01 -1.1033E-01  5.9297E-01  7.0000E-03
  124.00  6.4466E-02 -1.6609E-01  7.6175E-01 -1.3335E-01  5.8706E-01 -1.4174E-02
  125.00  6.3005E-02 -1.5484E-01  7.5933E-01 -1.5616E-01  5.7996E-01 -3.5086E-02
  126.00  6.1554E-02 -1.4329E-01  7.5684E-01 -1.7869E-01  5.7163E-01 -5.5682E-02
  127.00  6.0116E-02 -1.3152E-01  7.5428E-01 -2.0092E-01  5.6205E-01 -7.5908E-02
  128.00  5.8697E-02 -1.1960E-01  7.5165E-01 -2.2278E-01  5.5123E-01 -9.5706E-02
  129.00  5.7300E-02 -1.0762E-01  7.4896E-01 -2.4424E-01  5.3915E-01 -1.1502E-01
  130.00  5.5930E-02 -9.5671E-02  7.4620E-01 -2.6524E-01  5.2582E-01 -1.3377E-01
  131.00  5.4590E-02 -8.3857E-02  7.4337E-01 -2.8574E-01  5.1125E-01 -1.5191E-01
  132.00  5.3285E-02 -7.2277E-02  7.4047E-01 -3.0570E-01  4.9548E-01 -1.6936E-01
  133.00  5.2019E-02 -6.1035E-02  7.3748E-01 -3.2506E-01  4.7855E-01 -1.8604E-01
  134.00  5.0794E-02 -5.0237E-02  7.3439E-01 -3.4378E-01  4.6050E-01 -2.0190E-01
  135.00  4.9614E-02 -3.9987E-02  7.3120E-01 -3.6182E-01  4.4142E-01 -2.1683E-01
  136.00  4.8481E-02 -3.0385E-02  7.2789E-01 -3.7913E-01  4.2137E-01 -2.3078E-01
  137.00  4.7397E-02 -2.1525E-02  7.2443E-01 -3.9567E-01  4.0048E-01 -2.4366E-01
  138.00  4.6366E-02 -1.3492E-02  7.2082E-01 -4.1142E-01  3.7884E-01 -2.5539E-01
  139.00  4.5389E-02 -6.3606E-03  7.1702E-01 -4.2634E-01  3.5658E-01 -2.6592E-01
  140.00  4.4467E-02 -1.9118E-04  7.1303E-01 -4.4040E-01  3.3387E-01 -2.7516E-01
  141.00  4.3603E-02  4.9720E-03  7.0882E-01 -4.5358E-01  3.1084E-01 -2.8307E-01
  142.00  4.2795E-02  9.1025E-03  7.0436E-01 -4.6588E-01  2.8767E-01 -2.8959E-01
  143.00  4.2047E-02  1.2193E-02  6.9965E-01 -4.7728E-01  2.6452E-01 -2.9469E-01
  144.00  4.1356E-02  1.4256E-02  6.9465E-01 -4.8778E-01  2.4159E-01 -2.9833E-01
  145.00  4.0725E-02  1.5327E-02  6.8937E-01 -4.9739E-01  2.1903E-01 -3.0050E-01
  146.00  4.0153E-02  1.5458E-02  6.8379E-01 -5.0612E-01  1.9704E-01 -3.0121E-01
  147.00  3.9639E-02  1.4723E-02  6.7791E-01 -5.1398E-01  1.7577E-01 -3.0045E-01
  148.00  3.9182E-02  1.3211E-02  6.7173E-01 -5.2100E-01  1.5538E-01 -2.9827E-01
  149.00  3.8783E-02  1.1030E-02  6.6526E-01 -5.2719E-01  1.3600E-01 -2.9469E-01
  150.00  3.8439E-02  8.2942E-03  6.5852E-01 -5.3259E-01  1.1777E-01 -2.8977E-01
  151.00  3.8148E-02  5.1309E-03  6.5152E-01 -5.3721E-01  1.0077E-01 -2.8358E-01
  152.00  3.7911E-02  1.6700E-03  6.4430E-01 -5.4109E-01  8.5075E-02 -2.7619E-01
  153.00  3.7724E-02 -1.9575E-03  6.3690E-01 -5.4425E-01  7.0744E-02 -2.6771E-01
  154.00  3.7585E-02 -5.6237E-03  6.2935E-01 -5.4672E-01  5.7801E-02 -2.5821E-01
  155.00  3.7492E-02 -9.2075E-03  6.2171E-01 -5.4853E-01  4.6248E-02 -2.4782E-01
  156.00  3.7443E-02 -1.2598E-02  6.1401E-01 -5.4972E-01  3.6063E-02 -2.3664E-01
  157.00  3.7433E-02 -1.5698E-02  6.0633E-01 -5.5031E-01  2.7206E-02 -2.2481E-01
  158.00  3.7461E-02 -1.8424E-02  5.9870E-01 -5.5034E-01  1.9618E-02 -2.1244E-01
  159.00  3.7523E-02 -2.0711E-02  5.9119E-01 -5.4986E-01  1.3225E-02 -1.9967E-01
  160.00  3.7616E-02 -2.2511E-02  5.8383E-01 -5.4890E-01  7.9426E-03 -1.8662E-01
  161.00  3.7735E-02 -2.3796E-02  5.7670E-01 -5.4752E-01  3.6755E-03 -1.7342E-01
  162.00  3.7878E-02 -2.4553E-02  5.6981E-01 -5.4576E-01  3.2460E-04 -1.6020E-01
  163.00  3.8039E-02 -2.4788E-02  5.6323E-01 -5.4368E-01 -2.2122E-03 -1.4708E-01
  164.00  3.8216E-02 -2.4523E-02  5.5697E-01 -5.4133E-01 -4.0371E-03 -1.3418E-01
  165.00  3.8404E-02 -2.3793E-02  5.5107E-01 -5.3878E-01 -5.2499E-03 -1.2160E-01
  166.00  3.8600E-02 -2.2646E-02  5.4555E-01 -5.3607E-01 -5.9466E-03 -1.0946E-01
  167.00  3.8800E-02 -2.1139E-02  5.4042E-01 -5.3328E-01 -6.2179E-03 -9.7829E-02
  168.00  3.9000E-02 -1.9337E-02  5.3570E-01 -5.3045E-01 -6.1485E-03 -8.6804E-02
  169.00  3.9197E-02 -1.7311E-02  5.3139E-01 -5.2764E-01 -5.8159E-03 -7.6454E-02
  170.00  3.9387E-02 -1.5136E-02  5.2749E-01 -5.2491E-01 -5.2907E-03 -6.6841E-02
  171.00  3.9568E-02 -1.2885E-02  5.2400E-01 -5.2229E-01 -4.6362E-03 -5.8021E-02
  172.00  3.9737E-02 -1.0634E-02  5.2091E-01 -5.1984E-01 -3.9083E-03 -5.0037E-02
  173.00  3.9892E-02 -8.4553E-03  5.1821E-01 -5.1758E-01 -3.1561E-03 -4.2925E-02
  174.00  4.0030E-02 -6.4155E-03  5.1591E-01 -5.1556E-01 -2.4222E-03 -3.6716E-02
  175.00  4.0150E-02 -4.5768E-03  5.1397E-01 -5.1381E-01 -1.7423E-03 -3.1431E-02
  176.00  4.0250E-02 -2.9937E-03  5.1241E-01 -5.1234E-01 -1.1464E-03 -2.7087E-02
  177.00  4.0329E-02 -1.7125E-03  5.1120E-01 -5.1118E-01 -6.5847E-04 -2.3698E-02
  178.00  4.0387E-02 -7.7023E-04  5.1034E-01 -5.1034E-01 -2.9696E-04 -2.1271E-02
  179.00  4.0421E-02 -1.9393E-04  5.0983E-01 -5.0983E-01 -7.4883E-05 -1.9813E-02
  180.00  4.0433E-02 -4.8179E-15  5.0966E-01 -5.0966E-01 -1.8612E-15 -1.9327E-02
 azimuthal averaged scattering matrix expansion coefficients
    n       11          44          12          34         22p         22m
    0  1.0000E+00  8.4415E-01  0.0000E+00  0.0000E+00  0.0000E+00  0.0000E+00
    1  1.9038E+00  1.9917E+00  0.0000E+00  0.0000E+00  0.0000E+00  0.0000E+00
    2  2.1632E+00  2.2055E+00 -1.8881E-01  3.4964E-01  3.4589E+00  1.3970E-01
    3  2.1783E+00  2.1327E+00 -1.0020E-01  1.0249E-01  2.6013E+00  6.1990E-02
    4  1.7807E+00  1.8063E+00 -5.5429E-02  1.4916E-01  2.2896E+00 -6.0865E-03
    5  1.1004E+00  1.1082E+00 -9.3722E-02  2.1376E-01  1.4755E+00  1.1700E-02
    6  4.0716E-01  4.0292E-01 -7.0139E-02  1.6980E-01  6.4663E-01  1.5229E-02
    7 -2.2257E-01 -2.0633E-01 -6.8662E-02  1.7914E-01 -6.5658E-02  2.2519E-03
    8 -5.9897E-01 -5.9796E-01 -7.5264E-02  1.1159E-01 -5.4912E-01  1.0163E-02
    9 -7.0844E-01 -7.1854E-01 -2.9607E-02  2.9938E-02 -7.3060E-01  1.0405E-02
   10 -6.3953E-01 -6.4495E-01  2.0847E-04 -1.2416E-02 -6.7799E-01  3.7194E-03
   11 -4.9694E-01 -4.9878E-01  1.6248E-02 -2.4846E-02 -5.3395E-01  5.0101E-04
   12 -3.4926E-01 -3.4972E-01  1.7063E-02 -2.3443E-02 -3.7662E-01 -4.0746E-04
   13 -2.2540E-01 -2.2557E-01  1.4045E-02 -2.0278E-02 -2.4472E-01 -4.7573E-04
   14 -1.3144E-01 -1.3186E-01  1.1696E-02 -1.6710E-02 -1.4404E-01 -3.0145E-04
   15 -6.7795E-02 -6.7999E-02  9.3872E-03 -1.1925E-02 -7.5018E-02 -3.7128E-04
   16 -3.1146E-02 -3.0621E-02  6.0795E-03 -6.3078E-03 -3.4324E-02 -6.0898E-04
   17 -1.3017E-02 -1.2472E-02  3.0143E-03 -2.4052E-03 -1.4157E-02 -4.2321E-04
   18 -5.1278E-03 -4.9749E-03  1.1612E-03 -8.5620E-04 -5.5888E-03 -1.1718E-04
   19 -1.9300E-03 -1.8803E-03  4.1950E-04 -3.3759E-04 -2.0949E-03 -4.0311E-05
   20 -7.2100E-04 -6.9739E-04  1.6645E-04 -1.3119E-04 -7.7967E-04 -1.8245E-05
   21 -2.5523E-04 -2.4661E-04  6.6601E-05 -4.4835E-05 -2.7642E-04 -6.2657E-06
   22 -8.6542E-05 -8.2548E-05  2.6222E-05 -1.4429E-05 -9.1994E-05 -2.7567E-06
   23 -2.6216E-05 -2.4564E-05  8.9926E-06 -3.3484E-06 -2.8379E-05 -1.1349E-06
   24 -6.4223E-06 -6.0106E-06  2.3078E-06 -9.4585E-07 -6.9935E-06 -2.3236E-07
   25 -1.0538E-06 -1.0427E-06  5.8243E-07 -3.5342E-07 -1.1914E-06  5.7816E-09
   26 -1.0922E-07 -5.1936E-08  1.8754E-07 -1.0477E-07 -6.7043E-08 -3.4556E-08
   27 -7.9215E-09  4.0509E-09  3.3355E-08  2.6852E-08 -3.9052E-09 -7.1738E-09
   28  1.3454E-09  2.6179E-09  4.1916E-09  1.6395E-09  3.2319E-09 -1.4994E-09
   29  8.4445E-09  7.5802E-09 -2.3608E-09  3.1593E-10  8.0822E-09  2.8354E-10
   30  2.7682E-09  2.5018E-09 -2.0384E-09 -1.5840E-09  2.7554E-09  6.0863E-11
   31  1.1787E-10  2.0198E-10 -2.8679E-11  8.9606E-11  1.9502E-10 -5.3462E-11
   32 -3.0252E-10 -2.5402E-10  5.5022E-11  2.3041E-11 -2.4343E-10 -1.0822E-11
   33  3.2560E-11  2.6529E-11 -2.0243E-11  6.5150E-12  4.2385E-11  4.3102E-12
   34 -5.0417E-12 -6.1148E-12  3.8739E-12  4.5103E-13 -8.1712E-12  4.8910E-13
