# generation_info:
#   script_name: PyFracVAL
#   timestamp: '2025-05-02T20:34:04.723848'
#   iteration: 1
# simulation_parameters:
#   N: 512
#   Df: 2.0
#   kf: 1.25
#   rp_g: 100.0
#   rp_gstd: 1.0512710963760241
#   tol_ov: 1.0e-06
#   n_subcl_percentage: 0.1
#   ext_case: 0
#   seed: 2454118938
# aggregate_properties:
#   N_particles_actual: 512
#   radius_of_gyration: 2017.3958413310988
#   center_of_mass:
#   - 94.65438327832953
#   - 518.4417318637875
#   - -884.7849764438611
  4.4293908553e+01   1.7194199297e+02   5.9128572418e+01   1.0821948322e+02
 -2.3221143848e+01   2.0225131130e+02  -1.4386013812e+02   1.0783919789e+02
  3.3107055103e+01   3.9978040683e+02  -1.4221526126e+02   9.7570916754e+01
 -1.2394891351e+02   4.7292917100e+02  -3.6174253368e+01   1.0555961845e+02
  4.1241703806e+01   5.8942978193e+02  -1.1373219298e+02   9.4377886749e+01
 -2.2050207403e+02   1.5928284186e+02  -2.2630033941e+02   1.1024895302e+02
 -3.0826805727e+02   5.4684491573e+02  -6.2466820819e+01   9.4761082366e+01
 -4.4318238477e+02   3.9752456412e+02  -6.0009792332e+01   1.0649616634e+02
 -2.6886960944e+02   6.6886084001e+02   8.6523142921e+01   1.0180476605e+02
 -3.8944329938e+02   7.0104550741e+02  -1.6039622786e+02   1.0513241720e+02
  2.0964240801e+02   5.9048853217e+02  -2.0799288843e+02   9.8611742077e+01
 -3.7978645892e+02   7.0358273314e+02  -3.6249775743e+02   9.7215600670e+01
  2.3901619870e+02   2.1504104651e+02  -1.5872947938e+01   1.0485216377e+02
 -1.5002080016e+02   4.2878672325e+01  -3.9636931115e+02   1.0756058718e+02
  1.2965898958e+02  -1.6081326504e+01   2.1313629820e+01   1.0170892269e+02
  3.8792838346e+02   4.8648647774e+02  -2.0427878889e+02   1.0782495744e+02
  4.1712898288e+02   1.4602638550e+02  -6.7269468457e+01   9.2957819910e+01
  2.8719993541e+02   1.0852248803e+01   1.3844886740e+02   9.6445640650e+01
  4.1105052977e+02   5.6078336939e+02  -3.9308065076e+02   9.6382791700e+01
  5.4954774968e+02   3.5236845503e+02  -2.2800528989e+02   1.0353116478e+02
 -3.5670157152e+02   6.0395442962e+02  -5.2886766905e+02   9.8073053333e+01
 -2.1680566969e+02   7.4428644187e+02  -5.6798005520e+02   1.0390148903e+02
  4.8397015330e+02   1.5895434459e+01  -1.9274826667e+02   9.9777063502e+01
 -6.1973297638e+02   2.9703242561e+02  -1.0360183887e+02   1.0127545786e+02
 -1.6576798959e+02   9.1754931527e+02  -4.9174931674e+02   9.2149508356e+01
  4.8918917434e+02   1.6258066486e+01   3.8636764098e+01   8.9384215581e+01
  4.0690731735e+02   8.0924175015e+01   2.7010813179e+02   9.4797905733e+01
 -4.5541801167e+02   4.8315800299e+02  -6.4499537838e+02   9.6406655417e+01
 -4.7196687772e+02   8.7837090692e+02  -9.9573020444e+01   9.9694096833e+01
  5.6054932726e+02   3.9251094671e+01  -3.6287998835e+02   8.8251284011e+01
 -3.3242274974e+02   4.5843376856e+02  -7.9696324055e+02   1.0065514545e+02
  4.9433406556e+02   5.1927331251e+01  -5.4529018098e+02   1.0621883254e+02
 -1.9335834211e+02   5.5299147547e+02  -8.9571323952e+02   9.4361858176e+01
  6.8690764117e+02   1.1031604626e+02  -2.4786124829e+02   9.6805359756e+01
 -2.1405406998e+01   6.3111481892e+02  -9.2941310139e+02   9.7488993727e+01
  7.5199233147e+02   3.7133435004e+02  -1.6961747497e+02   1.0801705857e+02
  2.5113781319e+02  -1.4051626113e+02   2.7268616270e+02   1.0905996489e+02
 -7.1490600440e+02   1.2891378179e+02  -1.1265954204e+02   9.2125228933e+01
  6.2955542432e+02  -1.3505257205e+02  -1.9447157284e+02   1.0994499445e+02
 -2.6436375768e+02   7.3143103959e+02  -8.2894310489e+02   1.0896226229e+02
 -7.0914980379e+02   2.1910700914e+02   6.2723895386e+01   1.0300863216e+02
 -8.0564665800e+02   3.5626713713e+02  -1.6180413467e+02   1.0234221156e+02
  6.7692544443e+02  -9.3235304877e+01  -4.3470086428e+02   1.0215429609e+02
 -8.0784641015e+02   5.4342972647e+02  -9.8176598135e+01   9.5352343653e+01
 -8.0867805412e+02   5.7008324431e+02  -3.0040448547e+02   1.0862613575e+02
  5.7533939558e+02   5.7687134527e+01   3.4649097979e+02   9.1598619172e+01
  8.5385125182e+02   1.9731134237e+02  -1.4270180647e+02   9.5412782077e+01
  5.6164972723e+02   2.0711846766e+02   4.5911730309e+02   9.6022858917e+01
  6.6257333624e+02  -7.5705983449e+01   2.3965014010e+02   1.0028272269e+02
 -7.9363897813e+02   6.3903462538e+02   6.3775695145e+01   9.3249599922e+01
 -6.8248441347e+02   7.9836331511e+02   1.1714898374e+02   1.0821919804e+02
 -2.6628725265e+02   6.6525967271e+02  -1.3369230408e+03   9.7706396000e+01
 -4.4325886699e+02   7.5274244605e+02  -1.2767921917e+03   1.0866198075e+02
 -3.6702475064e+02   9.4759661396e+02  -1.2960137046e+03   1.0145525749e+02
 -1.6142074407e+02   6.8810806237e+02  -1.1762691558e+03   9.5499981452e+01
 -2.6820037403e+02   5.7779029218e+02  -1.0661577715e+03   9.3434972292e+01
 -3.6354860734e+02   1.0144615232e+03  -1.1051756678e+03   1.0078755680e+02
 -5.8325341623e+02   7.7218811276e+02  -1.4310119861e+03   1.0052777219e+02
 -2.9007978482e+02   1.1362668360e+03  -1.2432378537e+03   9.7443039390e+01
 -2.9076949076e+02   4.9315801124e+02  -1.4253999352e+03   9.7348782663e+01
 -5.6594654107e+02   8.9180306682e+02  -1.5855348851e+03   9.5647128030e+01
  3.0479525898e+01   7.1892021883e+02  -1.1933649034e+03   9.9608622118e+01
  7.3101023516e+01   6.5435649255e+02  -1.3778784582e+03   1.0046716029e+02
 -4.2082214816e+02   9.0189185310e+02  -1.7131012631e+03   9.7836860546e+01
 -5.3177329413e+02   1.1106150217e+03  -1.0650735046e+03   9.7084179423e+01
 -2.1228350475e+02   3.3846017432e+02  -1.3274546847e+03   1.0186151541e+02
  1.8665625784e+02   8.1415147181e+02  -1.3221276048e+03   1.0334006306e+02
 -1.8529768103e+02   1.2902526459e+03  -1.3092301040e+03   1.0015730484e+02
  2.2015865038e+02   1.0163103058e+03  -1.3264832965e+03   1.0162231523e+02
 -2.4253512633e+02   1.3358048147e+03  -1.1204313754e+03   1.0231759521e+02
 -3.1080223977e+02   3.1157892352e+02  -1.1513613572e+03   1.0170027560e+02
  2.0777111453e+02   1.1159775046e+03  -1.5016059089e+03   1.0025619021e+02
 -2.6786313102e+02   3.5284384835e+02  -9.5943678177e+02   9.9251469231e+01
 -4.1292092338e+02   7.7609192170e+02  -1.8638807664e+03   9.8689246363e+01
 -5.9994120326e+02   7.4560262717e+02  -1.8068506334e+03   9.9196120046e+01
 -1.2940990535e+02   2.0035079090e+02  -1.2086590296e+03   9.8275045275e+01
 -3.0208248257e+02   1.5514667303e+02  -1.3670614060e+03   1.0607210031e+02
 -6.6984666599e+01   1.3207003112e+03  -1.0285770413e+03   9.6386528120e+01
  7.3241648826e+01   2.2006764171e+02  -1.1694449823e+03   1.0907525764e+02
 -3.9815437425e+02   2.1589985707e+02  -9.1287965505e+02   9.5420128230e+01
  1.2078081346e+02   1.2881754034e+03  -1.0910831998e+03   1.0416462490e+02
  8.9775730360e+00   8.5439762031e+01  -1.3139913928e+03   9.8646195796e+01
 -7.7522336420e+02   6.8819612743e+02  -1.7404317190e+03   9.6841668018e+01
 -6.4244425294e+02   5.5429329680e+02  -1.8648647215e+03   1.0518441605e+02
 -3.4399603013e+02   8.8815391044e+02  -2.0247487173e+03   1.0912564210e+02
  3.6372534835e+02   1.1638036003e+03  -1.3233089420e+03   1.0423138337e+02
 -5.2263012941e+02   5.4628876527e+02  -2.0290864713e+03   9.8256680720e+01
 -6.5584400796e+02   3.4729063764e+02  -1.8775968791e+03   1.0264186278e+02
 -8.3539403380e+02   4.8523506463e+02  -1.8353237650e+03   1.0186950320e+02
  4.7922516657e+02   9.9469000859e+02  -1.3065313559e+03   1.0124635828e+02
  3.2984546571e+02   1.2992380644e+03  -1.4692007108e+03   9.7696199396e+01
 -3.0767106322e+02   5.2187444393e+01  -9.7722116475e+02   1.0238991578e+02
  3.0955571413e+02   1.2919859609e+03  -1.0744813905e+03   8.5377200410e+01
 -3.4980111578e+02   1.4964668022e+03  -1.0634231259e+03   9.9097913723e+01
  2.4050912251e+02   8.7935283171e+01  -1.1836790519e+03   1.0455989083e+02
  6.2422663524e+02   8.5382467875e+02  -1.2962240661e+03   1.0117574351e+02
 -8.6304234972e+02   7.7795848231e+02  -1.8971977817e+03   1.0401911211e+02
 -7.8468482764e+02   5.8272057236e+02  -2.0125103057e+03   1.0179314222e+02
  1.7565881291e+02   1.4788792815e+03  -1.1388311515e+03   9.9941795488e+01
 -6.6316488504e+02   1.4688146573e+02  -1.8733447605e+03   9.7946052947e+01
 -1.8673097092e+01   1.4936030102e+03  -9.5056258969e+02   9.9357196503e+01
  4.7812501850e+02   1.2239905584e+03  -1.0437265530e+03   9.8972589866e+01
 -1.0628679546e+03   9.5593155855e+02  -2.5857237680e+03   9.9283336584e+01
 -8.6390842736e+02   9.8074367432e+02  -2.5619058053e+03   1.0262711368e+02
 -1.0493560076e+03   7.6539285498e+02  -2.5285720778e+03   1.0010042897e+02
 -1.1825758248e+03   1.0339241821e+03  -2.4501716486e+03   9.7661327115e+01
 -1.1476725683e+03   7.3712767659e+02  -2.3575900396e+03   9.9147968223e+01
 -1.1605103598e+03   6.0409118136e+02  -2.5482310769e+03   9.6775156544e+01
 -1.0453675525e+03   7.6680902211e+02  -2.1826163126e+03   1.0570100951e+02
 -1.2906441549e+03   1.0643692433e+03  -2.2834365613e+03   1.0335174478e+02
 -1.1760491884e+03   4.9223978311e+02  -2.3873411851e+03   9.9789712502e+01
 -1.3494025830e+03   5.2269237937e+02  -2.3059157798e+03   9.4140317791e+01
 -1.4460796884e+03   6.4943883190e+02  -2.1883669325e+03   1.0392244361e+02
 -1.3378735640e+03   3.7981354256e+02  -2.4263632768e+03   9.3089166555e+01
 -1.3169941943e+03   3.6364439739e+02  -2.2092765230e+03   9.4766299844e+01
 -7.3595359054e+02   8.4160889724e+02  -2.4684420635e+03   1.0824345680e+02
 -1.5405387749e+03   4.7355934856e+02  -2.3018332764e+03   1.0325209697e+02
 -1.2937196102e+03   2.6828813162e+02  -2.5777733054e+03   1.0007523410e+02
 -1.0033708326e+03   1.1440973541e+03  -2.6036814694e+03   9.8880114117e+01
 -1.1695051533e+03   2.9791341528e+02  -2.0846408763e+03   1.0921316887e+02
 -1.1730760078e+03   1.2323363259e+03  -2.4892146101e+03   1.0477873355e+02
 -1.3316311918e+03   1.8248650480e+02  -2.2652333972e+03   9.5400983129e+01
 -1.3967536417e+03   1.2288308408e+03  -2.2519110586e+03   9.4892290527e+01
 -1.0996154272e+03   1.4960458507e+02  -2.2065647586e+03   9.5104025672e+01
 -1.5708157055e+03   1.1258918328e+03  -2.2242427974e+03   1.0921448087e+02
 -1.5177177632e+03   1.9238934523e+02  -2.2295650991e+03   9.4331738836e+01
 -1.0808818333e+03   1.1670376797e+03  -2.7812015473e+03   9.6177805024e+01
 -1.1786411288e+03   1.7284796864e+02  -2.7143788991e+03   1.0244135741e+02
 -1.2525605016e+03   2.2255775846e+02  -1.9189126348e+03   9.0893092738e+01
 -1.3577699961e+03   9.8259975730e+01  -2.0900614118e+03   1.0071778134e+02
 -1.2658362440e+03   1.1748063983e+03  -2.8237763594e+03   9.3772456040e+01
 -1.0758512476e+03   1.6280365343e+02  -1.9298404157e+03   9.5965489938e+01
 -1.4295462896e+03   1.2199789584e+03  -2.7290631654e+03   1.0068095308e+02
 -1.6951770927e+03   1.6943964427e+02  -2.1842425206e+03   9.0256014062e+01
 -8.0471087598e+02   1.1954899945e+03  -2.5919674521e+03   1.0665382479e+02
 -1.8108778028e+03   2.5051865159e+02  -2.3006242226e+03   9.2788134494e+01
 -1.7358626502e+03   1.2091583874e+03  -2.3313078643e+03   1.0441309599e+02
 -1.4723714874e+03   1.3716994085e+03  -2.1395430138e+03   1.0197330758e+02
 -1.6319136913e+03   1.2502329848e+03  -2.7498690686e+03   1.0499052527e+02
 -1.7420734084e+03   1.1164576877e+03  -2.8599609822e+03   1.0031710451e+02
 -1.0038785988e+03   1.1901115338e+02  -2.7981736392e+03   9.8710085580e+01
 -1.6325339208e+03   1.4029921545e+03  -2.6096591349e+03   1.0236080484e+02
 -9.4428875652e+02   2.5988766330e+02  -2.9390826905e+03   1.0926227097e+02
 -1.3671017305e+03  -5.0934192230e+01  -2.2323679576e+03   1.0567295006e+02
 -1.8136827035e+03   1.3081766222e+03  -2.5792692573e+03   1.0434771290e+02
 -7.5132659528e+02   1.2912696685e+03  -2.7626886869e+03   9.6248534420e+01
 -1.9125330105e+03   1.1841203104e+03  -2.7878127060e+03   9.6761763495e+01
 -1.4946372235e+03  -7.8512171905e+01  -2.3983885741e+03   1.0548739673e+02
 -9.4222218887e+02   2.3391771522e+02  -1.8071544295e+03   9.8882620954e+01
 -1.6939198749e+03   1.2401737416e+03  -3.0065808200e+03   9.7475214911e+01
 -1.8399406078e+03   1.4118744612e+03  -2.4004761578e+03   1.0400221339e+02
 -6.9601719908e+02   1.3800661152e+03  -2.5977212979e+03   9.9092648343e+01
 -1.4782257891e+03   1.5109299991e+03  -1.9900466487e+03   1.0240035363e+02
  4.7904755009e+00   8.4453854830e+02  -2.4657721994e+03   9.2938063518e+01
 -3.5147111463e+01   6.7260928775e+02  -2.5416811997e+03   9.9199537710e+01
  7.2930042295e+01   5.7754694028e+02  -2.3917639674e+03   1.0862899161e+02
 -1.8871359212e+02   8.0278687886e+02  -2.5490463862e+03   1.0225297575e+02
 -1.6327485557e+01   6.0703368213e+02  -2.2150500787e+03   9.1531375814e+01
 -1.4637264587e+02   9.8004930414e+02  -2.4736939621e+03   9.4959374175e+01
 -1.5919935339e+02   8.3326338635e+02  -2.7436504655e+03   9.6921961091e+01
 -2.4949724124e+02   6.6571724205e+02  -2.7759461437e+03   9.6128368755e+01
  2.6316799104e+02   6.5823181040e+02  -2.4107619259e+03   9.8883532910e+01
 -1.8969231986e+02   6.2764125884e+02  -2.1534484180e+03   9.3603176835e+01
  1.3783924207e+02   4.9729202355e+02  -2.1931218481e+03   9.8971796949e+01
  3.6423951486e+02   6.7788355948e+02  -2.5860873874e+03   1.0444049823e+02
 -1.5262527374e+02   5.0875229433e+02  -2.8416699526e+03   9.9682233499e+01
  3.4058352860e+01   6.1817821851e+02  -2.0324497064e+03   9.8220644924e+01
 -3.7428835696e+02   6.8508620041e+02  -2.1455192976e+03   9.9887105028e+01
  4.0286588329e+00   3.8568655160e+02  -2.8417544664e+03   9.9530313207e+01
  3.7487853516e+02   5.7716941933e+02  -2.7664454658e+03   1.0240621609e+02
 -4.0437439312e+02   5.4144236110e+02  -2.8081657549e+03   1.0504141415e+02
 -5.0163343264e+02   4.2597419229e+02  -2.6620728259e+03   1.0504276588e+02
  1.1210916283e+02   3.7964121543e+02  -2.9977161104e+03   9.0316930200e+01
  2.7776416551e+02   4.6821203971e+02  -2.9786285410e+03   9.8497015612e+01
  2.4635537986e+02   3.3586185774e+02  -2.1314472865e+03   1.0508506310e+02
 -5.8934346335e+02   5.9674197559e+02  -2.7472208548e+03   9.7408296033e+01
 -4.5105202463e+02   4.0291862910e+02  -2.9553477109e+03   1.0239569383e+02
  2.3067222429e+02   2.3193694311e+02  -2.9826158396e+03   9.9687727064e+01
  5.8104345251e+01   4.3521169362e+02  -1.9607684616e+03   9.9751979044e+01
 -5.9033570545e+02   7.7848942257e+02  -2.8379744895e+03   1.0574027334e+02
  5.2868517923e+02   4.6861909010e+02  -2.8372584102e+03   9.8725906716e+01
  5.5258876442e+02   6.5627806416e+02  -2.8851832876e+03   9.6425485289e+01
 -6.7210308612e+02   3.2823663449e+02  -2.5977818999e+03   1.0170794422e+02
 -7.3083686198e+02   4.6544737151e+02  -2.7637586089e+03   9.6323870179e+01
 -7.7721948927e+02   6.4581422435e+02  -2.7451845431e+03   9.0835275030e+01
 -5.3209411621e+02   7.4032797589e+02  -2.0425383151e+03   9.6478355690e+01
 -8.2707979714e+02   4.6410838004e+02  -2.5931485162e+03   9.9564616413e+01
  4.3130544386e+02   3.5810872637e+02  -3.0280016001e+03   9.6785760722e+01
 -7.8661816367e+02   5.9340455716e+02  -2.9261448100e+03   9.7795916625e+01
  6.0465780136e+02   7.1810719081e+02  -2.7025732062e+03   1.0327545948e+02
 -3.6550925647e+01   6.5692366088e+02  -1.8462525244e+03   1.0464943690e+02
 -5.9440609256e+02   9.2497517366e+02  -2.0885310314e+03   1.0375326018e+02
 -2.0373047580e+02   5.7900694241e+02  -1.7678103628e+03   9.5783069755e+01
 -8.7659275938e+02   7.8583488666e+02  -2.6437953043e+03   1.0856535293e+02
  5.9094912637e+02   3.0660941760e+02  -2.7321049773e+03   1.0420555350e+02
  7.1265687653e+02   6.1586909975e+02  -2.5739961929e+03   9.3316696649e+01
  4.0764240058e+01   5.0244183071e+02  -1.7373186963e+03   9.9578008873e+01
  5.8914529789e+02   1.1400655354e+02  -2.7407772134e+03   8.8600890167e+01
  7.3581469407e+02   5.3311497252e+02  -2.7446799491e+03   9.7778763102e+01
 -9.3760984723e+02   5.8385495076e+02  -2.4806046553e+03   9.8481473690e+01
  6.6373088429e+02   8.3483848337e+02  -2.8620580778e+03   1.0300407920e+02
  6.2207377960e+02   3.1058614926e+02  -3.0074706767e+03   1.0088181900e+02
  7.8355879150e+02   8.1348006544e+02  -2.6875270369e+03   1.0001727698e+02
 -3.6101497613e+01   7.7579695781e+02  -1.6827734788e+03   9.7480375463e+01
  2.2614747093e+03   1.5764948932e+02  -8.5487511600e+02   1.0054907655e+02
  2.1927745958e+03   1.3938091958e+02  -6.7895426241e+02   8.9191780856e+01
  2.3059901533e+03   2.8266149542e+02  -6.2402217267e+02   1.0150331703e+02
  2.1213247729e+03   2.0584700076e+01  -8.2876870722e+02   9.7214180199e+01
  2.0784908709e+03  -6.0180238447e+01  -6.4079781606e+02   1.1180920218e+02
  2.1994478314e+03  -9.1090129028e+01  -9.7133465611e+02   1.0001545629e+02
  2.4322175672e+03   2.6804393869e+02  -8.7796791021e+02   1.0408067472e+02
  2.4550944115e+03   2.0825896119e+02  -5.1860060668e+02   9.5680666802e+01
  2.1342002624e+03  -2.5186806380e+02  -6.8965932938e+02   9.3702856297e+01
  2.3181359027e+03  -3.1311433459e+02  -6.9247204611e+02   1.0018199824e+02
  1.8878372265e+03  -1.2009432938e+02  -5.8605278110e+02   9.5399700254e+01
  2.5755696235e+03   6.3263377307e+01  -4.7678139633e+02   9.7417345674e+01
  2.6370678175e+03   2.1913913857e+02  -5.6735662754e+02   9.3025052028e+01
  2.5215921620e+03   1.7073808956e+02  -3.2345261542e+02   9.7452085439e+01
  2.1262465669e+03  -2.7420798781e+02  -9.9543959899e+02   9.8659211456e+01
  1.9191042531e+03  -3.1021095526e+02  -6.0618306180e+02   9.8319649801e+01
  2.3551003706e+03   4.1228057735e+02  -9.9356751883e+02   9.6205469215e+01
  2.7775197110e+03   1.1605129789e+02  -6.5708971344e+02   1.0294908916e+02
  1.9812496880e+03  -4.1764685359e+02  -7.4967128265e+02   9.1399608192e+01
  1.8707190025e+03  -3.2322189700e+02  -8.7195864805e+02   9.8566979896e+01
  2.7129207832e+03  -1.5344543302e+01  -3.6317446086e+02   9.7393028895e+01
  1.9869781751e+03  -4.0853905522e+02  -1.0036745916e+03   9.5011477378e+01
  2.1386896811e+03  -5.1755797584e+02  -1.0215369624e+03   9.2659965263e+01
  1.7253863277e+03  -2.5487803547e+02  -5.7599230531e+02   1.0539546599e+02
  2.4350320406e+03   3.3490200136e+02  -1.1564912465e+03   1.0107772045e+02
  2.4903830788e+03   7.0366926105e+01  -1.5698558228e+02   9.9422622053e+01
  2.8619012742e+03   2.7339931879e+01  -4.9560774820e+02   9.9699325016e+01
  2.3312105399e+03   1.6740993275e+02  -7.8985430310e+01   1.0265970273e+02
  2.7480581869e+03   1.4244156262e+02  -2.3829132225e+02   1.0687858115e+02
  1.8712739724e+03  -2.8340510028e+02  -1.1068504689e+03   1.0421510434e+02
  2.9268022238e+03   2.2507853135e+02  -5.7153954117e+02   1.0074440173e+02
  2.4263450958e+03   5.9534232893e+02  -1.0108289879e+03   1.0098827833e+02
  2.4811568042e+03  -2.1788334597e+01   1.8317369057e+01   9.8841951090e+01
  1.8827566040e+03  -5.7851173600e+02  -7.6668829304e+02   9.7988819758e+01
  2.4859311286e+03   3.1349847104e+02  -4.7608867658e+01   1.1243285937e+02
  1.9812301245e+03  -2.1378340830e+02  -1.2721626966e+03   1.0617897357e+02
  2.1327030093e+03  -6.9322394690e+02  -9.2859367380e+02   1.0616867582e+02
  1.7904888532e+03  -4.6843886135e+02  -1.0508160102e+03   1.0531672804e+02
  3.0044305030e+03   1.3890314688e+02  -4.1065619338e+02   9.7588142799e+01
  2.5436246165e+03   4.5225105606e+02  -1.2695369584e+03   9.4734641630e+01
  2.4099740815e+03   3.6325901154e+02  -1.3836488338e+03   1.0225157511e+02
  1.9869515565e+03  -7.6309379532e+02  -7.9810300796e+02   1.0156455597e+02
  2.5050264169e+03   7.4829069397e+02  -9.1417699590e+02   9.6307337991e+01
  2.2993170006e+03   3.4818215610e+02   4.5004897692e+01   9.8766336469e+01
  2.3434151012e+03   6.7015376234e+02  -1.1836443020e+03   1.0477679974e+02
  3.0803392955e+03   3.4132018852e+02  -5.3211425710e+02   9.5826471674e+01
  2.7174238226e+03   4.1654364110e+02  -1.3538736859e+03   1.0171857705e+02
  1.6096035962e+03  -3.7148162722e+02  -1.0305840163e+03   1.0091012521e+02
  2.6127517330e+03   4.8851382475e+02  -5.1615285534e+01   1.0373811719e+02
  2.6618494717e+03   3.1431036164e+02   6.7959713381e+01   9.8052340904e+01
  1.8776749682e+03  -6.0216746454e+02  -1.1746145049e+03   9.6700165434e+01
  1.1528287972e+03  -5.5120549861e+02  -3.3115989538e+02   9.8871555287e+01
  1.2942694528e+03  -4.3686835517e+02  -2.4140624816e+02   1.0394402251e+02
  1.1860268713e+03  -4.6465092910e+02  -5.0229277126e+02   9.5756980211e+01
  1.1799494577e+03  -2.7931429924e+02  -4.9345692207e+02   8.9889656048e+01
  9.7435897635e+02  -5.9077375791e+02  -4.1436094405e+02   1.0197549749e+02
  1.3255428498e+03  -6.2975483342e+02  -1.7842750777e+02   1.0135951033e+02
  1.2000462518e+03  -6.0001635400e+02  -2.8634545764e+01   9.6306128375e+01
  8.5243915928e+02  -4.3491056981e+02  -3.8484035478e+02   9.8097590130e+01
  1.3731551773e+03  -2.6310174358e+02  -4.8852607091e+02   1.0405778612e+02
  8.7352482672e+02  -2.5889177326e+02  -4.7784989362e+02   1.0209730597e+02
  9.7888792867e+02  -1.0417972064e+02  -5.2644120640e+02   9.1289141738e+01
  1.3922440670e+03  -8.0958009179e+01  -4.0132080964e+02   9.8785708449e+01
  1.3272563979e+03  -8.0456838176e+02  -2.6165857319e+02   9.2264153468e+01
  1.5272736375e+03  -2.9642909852e+02  -6.2120099138e+02   1.0201464505e+02
  8.5172172381e+02  -2.3267905554e+02  -6.7465640290e+02   9.7640732373e+01
  1.4542855250e+03  -5.7637351572e+02  -3.1262436808e+01   1.0132694607e+02
  1.5338840616e+03  -5.0328795302e+01  -5.2322741480e+02   9.0584978805e+01
  9.4995689113e+02   6.4252142479e+01  -4.6104619221e+02   9.1693932147e+01
  6.5901359268e+02  -3.7942373883e+02  -3.7697229415e+02   1.0328300626e+02
  1.3146566185e+03  -7.9972190922e+02  -6.6676635339e+01   1.0234511499e+02
  1.1989259859e+03  -7.6238350605e+02   8.2026233699e+01   8.9749338162e+01
  6.7508325066e+02  -2.2552810261e+02  -5.8707800615e+02   9.9646524953e+01
  1.1047819054e+03  -6.2980557973e+02   1.8279163480e+02   1.0154540954e+02
  1.5931525106e+03  -2.3051979496e+01  -3.3349840639e+02   1.1004869325e+02
  1.0778525321e+03   1.8468215324e+02  -5.4409166335e+02   1.0261827221e+02
  1.6079421413e+03  -3.7917358366e+02  -7.9431068560e+02   1.0612238567e+02
  5.7308718946e+02  -5.5420871488e+02  -4.4541058567e+02   1.0315568772e+02
  8.1835004847e+02   1.9212106775e+02  -4.0433214220e+02   1.0036675241e+02
  1.4396320560e+03  -9.2926248781e+02  -1.5452129160e+02   9.7945436799e+01
  1.6388705020e+03   1.2354283205e+01  -6.7004028602e+02   1.0047872827e+02
  1.6113256942e+03   1.7748090358e+02  -2.7268422874e+02   1.0028928715e+02
  1.5025281728e+03   2.3889047161e+02  -1.1366706402e+02   1.0193458480e+02
  1.2695856471e+03  -1.0213741801e+03  -1.6888663127e+02   9.5979053746e+01
  1.8007905528e+03   3.9139067136e+01  -2.8459433248e+02   1.1215142215e+02
  1.8352168654e+03   6.8597907788e+01  -4.9714163949e+02   1.0517172896e+02
  1.2448659054e+03  -9.4540021302e+02   5.8945643370e+01   1.0035143745e+02
  1.0384269039e+03  -9.3007663149e+02   6.6289753006e+01   1.0678573793e+02
  1.2417926011e+03  -8.7244486169e+02   2.4617434511e+02   1.0061252758e+02
  4.6213465518e+02  -3.2694212778e+02  -4.1356195154e+02   1.0373012994e+02
  1.0611833534e+03  -8.1457319160e+02   3.1857311203e+02   1.0239095028e+02
  1.5913527497e+03   5.7580618465e+01  -8.6563622230e+02   1.0582475807e+02
  1.7143679788e+03   2.9846789260e+02  -3.9358232670e+02   9.9390241151e+01
  1.3981770304e+03  -1.0024490865e+03   1.7236574120e+02   9.8703815182e+01
  4.0046809375e+02  -5.0006404726e+02  -3.3765931681e+02   9.5104408713e+01
  1.2943604134e+03  -1.2101995142e+03  -2.0543351362e+02   9.7939667479e+01
  1.1641876530e+03  -1.1349426231e+03   7.6078292166e+01   1.0635810101e+02
  1.5635634537e+03   2.3913124209e+02  -7.5997112696e+02   1.0606669123e+02
  4.2822975390e+02  -6.9745327946e+02  -2.9210507914e+02   1.0936663406e+02
  1.0296756606e+03  -1.2295357823e+03  -4.6954282814e+01   9.9015598298e+01
  3.4304406177e+02  -6.2550467997e+02  -4.7210005495e+02   9.7527841585e+01
  1.1485369603e+03  -1.0072914464e+03   3.6890729347e+02   1.0418882146e+02
  1.1399030537e+03  -2.0646150679e+02   6.5113098940e+02   9.8112681843e+01
  9.4321945928e+02  -2.1255117221e+02   6.6523096845e+02   9.9169678647e+01
  9.5123359136e+02  -3.5635945692e+02   7.9892151791e+02   9.7345491450e+01
  1.0705674908e+03  -1.7525319460e+02   4.7251862545e+02   9.6010360568e+01
  9.3445637465e+02  -1.9496668963e+02   9.1159689575e+02   1.0020156902e+02
  1.0022143177e+03  -3.5781707711e+02   4.2464426308e+02   1.0472250181e+02
  1.0836873680e+03  -4.8786849472e+02   8.7723404781e+02   1.0506864423e+02
  1.2789882479e+03  -5.0714292160e+01   6.3475353481e+02   1.1133923895e+02
  1.4323636918e+03  -1.5736619607e+02   7.3882902726e+02   1.0250734978e+02
  8.8720399803e+02  -5.3546145039e+02   8.7579046453e+02   9.7101798852e+01
  7.9481444998e+02  -3.3515184718e+02   3.9789374968e+02   1.0562009434e+02
  7.8714748496e+02  -4.2200113255e+02   1.0006681369e+03   9.9058805230e+01
  1.0737044155e+03  -3.6605115093e+02   2.3765584894e+02   9.5635430578e+01
  6.9151457616e+02  -5.6693852481e+02   8.5331386960e+02   1.0237339601e+02
  8.8280772735e+02  -6.9625070439e+02   9.7695273564e+02   9.2914822778e+01
  5.8022737766e+02  -4.4866246746e+02   9.6420821196e+02   9.4277618378e+01
  7.9393787991e+02  -8.0633415208e+02   8.4037841161e+02   1.0372891911e+02
  1.0457761412e+03  -8.1280363668e+02   1.0020540339e+03   1.0900933402e+02
  1.3393049262e+03  -8.6782574928e+01   4.4200931885e+02   9.3817665593e+01
  1.3128979221e+03  -2.0472703981e+02   2.9045341485e+02   1.0003129286e+02
  1.1693850478e+03  -5.9738653701e+01   2.5122642488e+02   1.0770973332e+02
  6.9026782428e+02  -7.2331418245e+02   1.0168705195e+03   1.0557315063e+02
  5.1440989726e+02  -6.8093078859e+02   9.1005839698e+02   1.0450110312e+02
  1.1607573160e+03  -9.6009328070e+02   9.2945785305e+02   9.1452919933e+01
  1.1061110992e+03  -8.0815799063e+02   1.2004998994e+03   9.8457894106e+01
  7.6614135960e+02  -8.5412214752e+02   1.1618209389e+03   1.0389794804e+02
  3.4417211711e+02  -6.2656021930e+02   8.0475415730e+02   1.0292609734e+02
  3.7189114635e+02  -6.6020424459e+02   1.0469454015e+03   9.4192721663e+01
  3.5008056895e+02  -8.2436299127e+02   7.7692173056e+02   9.6912563540e+01
  1.2241484120e+03   7.0224607776e+01   4.3727722748e+02   1.0095058349e+02
  1.0667732284e+03   1.0717402915e+02   3.2285203959e+02   9.7103277313e+01
  1.2134972973e+03  -7.1827681453e+02   1.3389462178e+03   9.8462913373e+01
  1.0969789234e+03  -4.3370466391e+02   4.9337008589e+01   1.0581601808e+02
  2.8941412220e+02  -4.9438260639e+02   1.0889522128e+03   9.5712116088e+01
  1.5168814469e+03   2.7360044419e+01   7.3045914705e+02   1.0080789743e+02
  1.0783767355e+03  -6.2995039456e+02   1.4593344420e+03   1.0291346858e+02
  1.0099005144e+03  -6.1001143978e+02   1.7182076054e+00   9.6506197060e+01
  9.3599865681e+02  -3.6000004624e+02  -4.5893458322e+01   9.5220940499e+01
  1.6665940732e+03  -7.0898215714e+01   7.9641084492e+02   9.0027588285e+01
  9.0264262400e+02  -1.6590177201e+02  -2.2597369292e+01   1.0309565675e+02
  7.4370100760e+02  -3.5754720173e+02  -7.5184718164e+01   9.9310240136e+01
  3.2652156476e+02  -9.3900951012e+02   6.1662364343e+02   1.0156748004e+02
  3.4424635042e+02  -5.8215904310e+02   1.2517312319e+03   9.7182376212e+01
  1.7367146636e+03  -2.5109042046e+02   7.7634296818e+02   1.0436594948e+02
  1.4116800983e+03  -7.3801951695e+02   1.3439994032e+03   1.0076492508e+02
  1.8231425050e+03  -3.5358652173e+02   6.3040712701e+02   9.3806935380e+01
  4.1276281151e+02  -1.1110175772e+03   6.1237026659e+02   9.0896591943e+01
  1.6221552111e+03   1.3814295732e+02   6.0904755880e+02   9.4374563339e+01
  3.9324534787e+02  -1.1020684908e+03   7.9911595001e+02   9.7079384738e+01
  4.4191900890e+02  -5.8545745732e+02   1.4216626634e+03   9.8847007143e+01
  1.4667078374e+03  -9.2307464348e+02   1.3160116584e+03   9.4316508633e+01
  3.5732507876e+02  -1.0679949510e+03   4.3498529612e+02   9.9864295893e+01
  3.4555964479e+02  -1.2586628949e+03   3.9128465376e+02   9.6101100028e+01
  1.5593886327e+02  -1.0477025409e+03   4.2361904865e+02   1.0286059473e+02
  4.4512768437e+01  -1.1998276794e+03   3.6656626842e+02   9.4149181937e+01
  3.7352189728e+02  -1.3085787371e+03   5.7510283923e+02   9.6415403628e+01
  2.1658329537e+02  -1.4163652938e+03   6.1574438235e+02   9.8262282839e+01
  1.0549682447e+02  -1.0399933116e+03   2.2371661563e+02   1.0345182424e+02
  2.9948176589e+02  -1.2945615722e+03   7.5806208080e+02   1.0145451841e+02
 -3.0709264605e+01  -1.2116654622e+03   2.0149496946e+02   8.7639214548e+01
 -1.4597842918e+02  -1.1199999507e+03   3.0967441918e+02   9.5096495304e+01
  2.0065958061e+02  -1.1466671070e+03   8.4709102987e+02   9.7454382644e+01
  1.1977160032e+02  -9.6674279375e+02   8.3703051719e+02   1.0007242002e+02
  2.6508600140e+02  -9.7366217977e+02   1.1457664094e+02   1.0094988445e+02
  1.2818144014e+02  -1.4604926522e+03   8.0371293764e+02   1.1409187781e+02
 -8.1748631656e+01  -1.4421662165e+03   8.3340312666e+02   9.8717897848e+01
 -1.7273351383e+02  -9.2897333986e+02   2.7311699459e+02   1.0122835255e+02
 -3.3246787814e+02  -1.0612804238e+03   3.4301130541e+02   1.0324070593e+02
  3.0684693420e+02  -1.1659708449e+03   1.0056214385e+03   9.4327469509e+01
  2.6621256503e+02  -1.6290177874e+03   7.8857638761e+02   1.0427118633e+02
 -4.3863001083e+02  -1.1480520220e+03   4.8103553540e+02   9.1311078273e+01
  7.3256290207e+01  -1.6980067583e+03   8.2076568241e+02   1.0316013434e+02
  1.2698969339e+02  -1.0379152529e+03  -9.1736730988e+00   9.5297887299e+01
 -1.1949723822e+02  -1.5776180024e+03   9.6772364801e+02   9.5740699441e+01
 -1.1976652185e+02  -1.7535180455e+03   7.9667689686e+02   9.9125748948e+01
 -5.2060805445e+02  -1.1178108530e+03   6.4909572880e+02   9.8106863176e+01
  3.2908203580e+01  -1.2159353340e+03  -5.8360169433e+01   1.1197436710e+02
  2.9978263875e+02  -1.0957013819e+03  -6.7273208683e+01   9.5940693313e+01
 -2.5867067714e+01  -1.8845094005e+03   6.9190721231e+02   9.3104658020e+01
  1.5763169029e+02  -1.9171600055e+03   6.8746001602e+02   9.3329334986e+01
 -5.2952451544e+02  -1.0297225068e+03   3.0140415548e+02   1.0061800828e+02
  3.1170489190e+02  -1.7255764395e+03   9.6576356290e+02   1.0258243388e+02
  4.8621222525e+02  -1.1332334760e+03  -1.1493165470e+01   1.0224119795e+02
 -8.1271325178e+01  -1.7648373767e+03   1.0191987262e+03   1.0215320702e+02
  4.2792744718e+02  -8.8471156929e+02   3.9135775032e+01   9.9352067156e+01
 -2.9507566341e+02  -1.6555960157e+03   1.0268484886e+03   1.0526701367e+02
  1.0253727916e+02  -8.5284810580e+02  -7.4470361776e+01   1.0246820443e+02
 -2.9537613387e+02  -1.8293253903e+03   9.2755721331e+02   9.4834818478e+01
  2.1485216106e+01  -1.9306489196e+03   9.7449441547e+02   9.7973877370e+01
 -9.0548551163e+01  -1.6839375215e+03   1.2061366692e+03   1.0175031925e+02
  6.8045955855e+01  -1.3377659833e+03  -2.3511322983e+02   1.0555497136e+02
  3.5343585933e+02  -1.9304513663e+03   9.4221881373e+02   1.0782090374e+02
  6.1056988303e+02  -9.7064484397e+02   7.6961326566e+01   1.0600995323e+02
  3.4361873090e+02  -1.1536824242e+03  -2.4556175294e+02   9.6595561073e+01
 -5.3424531748e+02  -8.2110977467e+02   3.1775058876e+02   1.0868742366e+02
  4.6213405734e+01  -1.8386648444e+03   1.1641295572e+03   1.0450544240e+02
  3.2804064665e+02  -9.4114479177e+02  -1.9164862185e+02   1.0444767454e+02
 -6.8412814874e+01  -7.8947879259e+02  -1.6823379989e+02   1.0254688485e+02
 -2.6799830599e+02  -8.1673540211e+02  -1.6488269056e+02   9.8919045176e+01
  4.5047417040e+02  -2.0395880515e+03   8.0244381442e+02   9.4328299323e+01
 -2.5613002204e+02  -1.8686239361e+03   1.1114907979e+03   9.7301061958e+01
  2.1202922595e+02  -1.9891988908e+03   1.0832890001e+03   1.0038069347e+02
 -5.6003188714e+02   1.9805090084e+03  -1.4318491798e+03   9.9963989691e+01
 -7.0586256152e+02   1.9372720903e+03  -1.2929833414e+03   1.0599653505e+02
 -5.2556133477e+02   2.1582271607e+03  -1.3432669663e+03   1.0157699668e+02
 -5.9853215136e+02   1.7899312845e+03  -1.4762342350e+03   9.9465627783e+01
 -8.7326724593e+02   1.8617846704e+03  -1.3854203351e+03   9.9593534593e+01
 -8.5746081279e+02   1.8025603660e+03  -1.5773017515e+03   1.0184092006e+02
 -6.9363424257e+02   1.9285042323e+03  -1.0725623109e+03   1.1493747722e+02
 -8.4037845157e+02   2.0875610576e+03  -1.0483903936e+03   1.0281747256e+02
 -1.0564735365e+03   1.8009090416e+03  -1.4317704914e+03   9.8947957523e+01
 -7.9095183255e+02   1.9004763558e+03  -1.7354967757e+03   9.5736030030e+01
 -8.5378273775e+02   2.2746902869e+03  -1.1219573085e+03   9.8699559730e+01
 -6.2422059808e+02   1.7711504731e+03  -9.4777960572e+02   9.7545894103e+01
 -9.7753146872e+02   1.6382183175e+03  -1.5728083577e+03   1.0174066533e+02
 -6.3562311459e+02   2.0072874025e+03  -1.7876787744e+03   9.9861953919e+01
 -7.9659639590e+02   2.1306493404e+03  -1.8109350550e+03   1.0427383320e+02
 -6.7219218796e+02   2.3618625576e+03  -1.1097932809e+03   1.0309760609e+02
 -7.2588361074e+02   1.6000618119e+03  -9.9644604255e+02   1.0733241178e+02
 -5.4057987914e+02   1.5304898531e+03  -1.0422866862e+03   9.5840162660e+01
 -7.0449478983e+02   1.8225750409e+03  -1.8902066322e+03   9.7857809768e+01
 -5.0458113151e+02   1.7985960454e+03  -1.8696633456e+03   1.0453411111e+02
 -7.2103583661e+02   1.8466064508e+03  -7.9652588530e+02   9.7247542449e+01
 -8.0406309759e+02   2.4867642021e+03  -1.2011738410e+03   1.0022667763e+02
 -6.9910704871e+02   2.0417160118e+03  -1.9690343542e+03   9.5344053551e+01
 -9.0296897958e+02   1.5633920877e+03  -9.0034156704e+02   9.7460084993e+01
 -4.2831353085e+02   1.6072769980e+03  -1.8089452722e+03   1.1018991928e+02
 -5.7936580083e+02   2.3797232949e+03  -9.3767790171e+02   9.3267991330e+01
 -8.9605421129e+02   2.5557996923e+03  -1.3727770701e+03   1.0635486108e+02
 -9.6168014715e+02   1.4182348878e+03  -1.0257167140e+03   1.0313039680e+02
 -1.0731473298e+03   2.5304447988e+03  -1.2743735474e+03   9.7821769617e+01
 -1.2435803985e+03   2.4389605185e+03  -1.2555755400e+03   9.6523720497e+01
 -5.9976266033e+02   1.5735369204e+03  -1.9282865263e+03   1.0141237694e+02
 -6.2908005939e+02   2.2059783844e+03  -2.0423785677e+03   9.7698117819e+01
 -8.1532955254e+02   2.6979170952e+03  -1.4746614004e+03   8.6243798047e+01
 -1.0691450866e+03   1.6054342857e+03  -8.1650708053e+02   9.3354657853e+01
 -1.0497199539e+03   2.6572459246e+03  -1.4572799714e+03   9.6241384731e+01
 -7.9743497118e+02   1.8181408973e+03  -6.2509237452e+02   9.2585447603e+01
 -6.5416104252e+02   1.7503461411e+03  -2.0766676505e+03   1.0834163596e+02
 -4.7835486612e+02   1.4044253863e+03  -1.8457774428e+03   1.0196455366e+02
 -5.5831381563e+02   2.0719139229e+03  -2.1649936915e+03   9.7277802962e+01
 -8.7573687211e+02   1.5842524063e+03  -7.0985107632e+02   9.6094474813e+01
 -9.4370425990e+02   2.7371483014e+03  -1.2972122671e+03   9.5803207197e+01
 -4.3278535564e+02   2.2155051336e+03  -2.1089204208e+03   1.0151868023e+02
 -3.1419201617e+02   2.3498566900e+03  -2.0156037698e+03   1.0052764673e+02
 -8.2315494718e+02   2.0020445147e+03  -5.8933727167e+02   9.6518981293e+01
 -4.9519627397e+02   2.4005731509e+03  -2.1228313478e+03   9.4284301527e+01
 -6.2922891530e+02   1.5789004325e+03  -2.1835241768e+03   9.5210713979e+01
 -1.1956788530e+03   2.6878793603e+03  -1.3121755363e+03   1.0522651457e+02
 -9.6459564963e+02   1.7335879381e+03  -6.2269051205e+02   9.4758258650e+01
 -8.9166932543e+02   1.2404599762e+03  -9.6900046123e+02   9.6173812025e+01
 -7.0459832423e+02   2.0254472131e+03  -2.2961722318e+03   1.0462841790e+02
 -4.2453584354e+02   1.2172213953e+03  -1.8021673117e+03   9.7644226161e+01
 -1.3467096744e+03   3.1413757138e+03  -1.3106334057e+03   9.2894779563e+01
 -1.4581342501e+03   3.1615684582e+03  -1.4644311582e+03   9.8094570069e+01
 -1.1992365896e+03   3.2198163410e+03  -1.4066571371e+03   9.9775404269e+01
 -1.3124303736e+03   2.9431514921e+03  -1.2960747426e+03   1.0879772707e+02
 -1.0687930524e+03   3.0960342462e+03  -1.4943720791e+03   1.0030316639e+02
 -1.1661137788e+03   3.3351951513e+03  -1.5705837913e+03   1.0340269104e+02
 -1.4186241012e+03   3.0776023697e+03  -1.1335239407e+03   1.0861573327e+02
 -1.2023736113e+03   2.8480747023e+03  -1.1532888624e+03   9.5015654398e+01
 -1.3594575634e+03   2.7519689045e+03  -1.2106290386e+03   9.7856293298e+01
 -1.1057671473e+03   3.4264671877e+03  -1.4068688960e+03   9.3510659232e+01
 -1.3838907690e+03   2.8338506308e+03  -1.0324686070e+03   9.9736059909e+01
 -1.5364358742e+03   2.9587515333e+03  -9.7899056380e+02   1.0454351728e+02
 -1.1784510762e+03   2.7254154390e+03  -9.9868395788e+02   1.0378137541e+02
 -1.2540579281e+03   2.8156214341e+03  -8.3377849361e+02   9.8820030670e+01
 -1.0311785348e+03   3.4462336919e+03  -1.2435392243e+03   8.7129196443e+01
 -1.3305633070e+03   2.9844661694e+03  -7.3854215447e+02   1.0958241156e+02
 -1.2771832051e+03   3.4734113961e+03  -1.4862737675e+03   9.2934589962e+01
 -1.3231175730e+03   2.6375785066e+03  -8.5990563323e+02   9.3926294831e+01
 -1.4802662675e+03   2.5771179216e+03  -9.6355692905e+02   1.0379771901e+02
 -1.5284728025e+03   2.4880528466e+03  -1.1337243040e+03   9.4225999481e+01
 -1.2940593163e+03   3.5516121852e+03  -1.3180354105e+03   9.3356341966e+01
 -9.3280131632e+02   3.1888137766e+03  -1.6031866378e+03   9.7035126204e+01
 -8.7962676353e+02   3.4531629466e+03  -1.1352863966e+03   9.9243088692e+01
 -1.0738087523e+03   3.6141019218e+03  -1.2977902425e+03   9.4365296583e+01
 -1.2367150630e+03   3.0383673242e+03  -5.6647325485e+02   9.3692116142e+01
 -1.6045825523e+03   2.6331526025e+03  -8.2496530748e+02   9.0629803973e+01
 -1.3829627954e+03   2.6476450575e+03  -6.7230899314e+02   1.0324187062e+02
 -1.2204067727e+03   3.6907169487e+03  -1.2183866943e+03   8.9117033300e+01
 -1.2556110433e+03   3.3154921121e+03  -1.7544380545e+03   1.0202457154e+02
 -1.3758297547e+03   3.1867404629e+03  -1.8395637179e+03   9.3617715042e+01
 -1.4375272315e+03   2.3971302308e+03  -1.2836906634e+03   1.0332887363e+02
 -1.5757482935e+03   2.6829158005e+03  -6.4712227105e+02   9.4355306817e+01
 -1.2300864642e+03   2.7157542149e+03  -5.4782003861e+02   1.0534271597e+02
 -1.2568994866e+03   3.0445121350e+03  -1.8837016598e+03   9.6964193448e+01
 -1.3040462598e+03   3.5923614492e+03  -1.6333467076e+03   9.8118252291e+01
 -1.7483165450e+03   2.7723830588e+03  -6.5984246807e+02   1.0044201135e+02
 -1.0913985937e+03   3.7470681894e+03  -1.0948360349e+03   9.8188433817e+01
 -1.0296953380e+03   2.7045864229e+03  -5.2880811351e+02   9.6257820557e+01
 -1.0554707025e+03   3.0338902025e+03  -1.8856181708e+03   1.0475356361e+02
 -1.7682408938e+03   2.9447443751e+03  -5.6091491635e+02   9.9287965212e+01
 -1.0781039094e+03   3.7573446770e+03  -1.4244086587e+03   9.6865345914e+01
 -1.5832769821e+03   2.2997686633e+03  -1.1359693236e+03   1.0188486685e+02
 -1.7143911839e+03   3.1225192324e+03  -4.7852965939e+02   1.0391395824e+02
 -8.9423187251e+02   3.7040649184e+03  -1.4204390780e+03   9.4611587950e+01
 -1.6999743031e+03   2.3092787871e+03  -1.2926710706e+03   9.3727363566e+01
 -7.3382395719e+02   3.6143668403e+03  -1.3568365312e+03   9.9866504561e+01
 -1.4536383393e+03   3.2316752394e+03  -1.9976151075e+03   8.8188642767e+01
 -1.3839127869e+03   2.2011570781e+03  -1.2415715819e+03   1.0416571017e+02
 -1.6477180928e+03   3.3123631487e+03  -4.3505058986e+02   1.0194143543e+02
 -1.8973961308e+03   3.1976361735e+03  -5.2244961204e+02   9.8724457891e+01
 -1.1906544880e+03   3.9105137564e+03  -1.0464103115e+03   9.9070879289e+01
 -4.2242372701e+02   1.4593204477e+03  -8.7300576078e+02   1.0626848238e+02
 -5.7132748832e+02   1.3576786719e+03  -9.6478332378e+02   9.6034512615e+01
