# generation_info:
#   script_name: PyFracVAL
#   timestamp: '2025-05-02T20:33:09.100761'
#   iteration: 1
# simulation_parameters:
#   N: 384
#   Df: 1.8
#   kf: 1.25
#   rp_g: 100.0
#   rp_gstd: 1.0512710963760241
#   tol_ov: 1.0e-06
#   n_subcl_percentage: 0.1
#   ext_case: 0
#   seed: 2454061748
# aggregate_properties:
#   N_particles_actual: 384
#   radius_of_gyration: 2408.5932394001447
#   center_of_mass:
#   - 2415.498133775101
#   - 628.1524261666583
#   - 2096.762276182647
 -2.7780310227e+01  -2.2038327341e+02   1.3835006656e+02   1.0418279999e+02
 -8.2607628523e+01  -2.2943262947e+02   3.3182848311e+02   9.7117531230e+01
  1.8393491923e+02  -2.2509186554e+02   1.4155714562e+02   1.0760906619e+02
 -1.7375694132e+02  -2.2224410273e+02  -8.7063192718e+00   1.0303259550e+02
  2.4315027542e+02  -4.1378474227e+01   5.2320161235e+01   1.0504160495e+02
 -3.1081470431e+02  -2.9117162289e+02   1.1598699039e+02   9.4664786643e+01
 -3.8448480201e+02  -1.6138434331e+02   2.2792314958e+02   9.1887417762e+01
 -4.5458508278e+02  -1.7283041086e+02   5.0816601959e+01   9.8931320930e+01
 -5.1607103519e+02  -3.3906890014e+02   1.2912134550e+02   9.4840169549e+01
 -5.7059450220e+02  -1.1636829428e+02   2.5863005154e+02   1.0203570877e+02
 -5.9236356592e+02   7.1077949860e+01   1.9889619594e+02   9.5898927110e+01
 -5.0254215315e+02   2.2381657966e+02   2.8436014565e+02   1.0082692763e+02
 -7.0001971131e+02  -4.0124183957e+02   8.8560980451e+01   1.0352246064e+02
 -7.0167654524e+02   2.1714315822e+02   1.5701029092e+02   9.1287615088e+01
 -4.4716456607e+02   3.6386249834e+02   4.0616219526e+02   9.2861677553e+01
 -5.7525901499e+02   2.7618003935e+02   5.2340511472e+02   1.0166930615e+02
 -6.7182206153e+02  -5.7666020634e+02   3.3731208584e+00   9.3514800482e+01
 -7.2712249873e+02  -6.1742064699e+02   1.8496147596e+02   1.0063432412e+02
 -8.5612607078e+02  -5.0719427389e+02  -2.8956738000e+01   1.0608155061e+02
 -2.8657865888e+02   4.5726344286e+02   4.2772455779e+02   9.4158389560e+01
 -3.0805497716e+02   5.4375342419e+02   2.5554580310e+02   9.9715983904e+01
 -1.2468683682e+02   5.5381796602e+02   3.1148337912e+02   9.2258447477e+01
 -7.1933858378e+02   3.4956428367e+02   6.4991233096e+02   1.0363107187e+02
 -7.0654056479e+02   2.1982870973e+02   8.1318817692e+02   1.0530458883e+02
 -3.9064665595e+01   6.0065828322e+02   1.3962542734e+02   1.0537840919e+02
 -1.1787594018e+02   6.9580093408e+02   4.3570095863e+02   9.6515381728e+01
 -1.0310082240e+03  -4.4055439333e+02   3.5522446215e+01   9.1863407338e+01
  3.3315234844e+02  -3.5790019217e+02   1.8269276702e+02   9.6341987127e+01
 -6.3046835865e+02  -7.8854812977e+02   1.3039430210e+02   1.0333678810e+02
 -7.9340842942e+02  -7.5975844133e+02   3.2241896542e+02   1.0804829067e+02
 -9.5574948530e+02  -7.2266957708e+02   1.8867058662e+02   1.0553736219e+02
 -1.1236864914e+03  -6.3230569760e+02   1.1666540000e+02   9.8308696484e+01
  1.2537737280e+02   5.6816744369e+02   2.5886475062e+02   1.0032733906e+02
 -7.8063941581e+02  -9.2959000721e+02   4.2868086889e+02   9.2693833976e+01
  4.7115651452e+02  -2.5224866103e+02   2.7463791836e+02   1.0028279957e+02
 -2.2761329417e+02   6.9703559671e+02   6.0829155236e+02   1.0801169300e+02
 -6.3720217147e+00   7.8216698739e+02   2.2433844689e+02   9.7576054516e+01
 -7.4916550460e+01   8.2766929862e+02   4.7020777345e+01   9.7898671936e+01
  1.0588442062e+03  -2.0690014602e+02  -3.0566411649e+01   1.0240954665e+02
  9.1538934576e+02  -2.9345622288e+02   7.5790290279e+01   9.6041957427e+01
  9.9470935589e+02  -4.6626228553e+02   1.1618900500e+02   9.8343369815e+01
  7.5886072883e+02  -1.8682531649e+02   1.3111121555e+02   1.0126937750e+02
  9.9582949663e+02  -3.3303471071e+01  -1.1478134791e+02   1.0056536477e+02
  1.0269447075e+03  -5.6071315254e+02  -6.1209827701e+01   1.0520129362e+02
  1.1394105035e+03  -5.7477317139e+02   2.0928599560e+02   1.0507758318e+02
  1.1553154407e+03  -7.1424011354e+02  -4.1698320266e+01   9.5871508718e+01
  8.2487420402e+02   5.8495759478e+00   1.4873418532e+02   1.0316144735e+02
  1.0554739824e+03  -7.4903794576e+02   2.6499489686e+02   9.6210848771e+01
  5.8036524187e+02  -1.0062825706e+02   1.2578276037e+02   9.7020724010e+01
  1.0271306199e+03  -6.8516186967e+02   4.5248549304e+02   1.0387968810e+02
  1.3325431302e+03  -6.8257147258e+02  -1.3285907997e+02   1.0592750224e+02
  4.8554583217e+02  -1.8856556721e+02  -2.2187082729e+01   9.9495854016e+01
  6.0480046287e+02   2.9247188219e+01   2.7426453608e+02   1.0175439775e+02
  7.1894492916e+02   1.1362158506e+02   4.1196369692e+02   9.6005701673e+01
  3.1129992838e+02  -2.8315797993e+02  -1.0559699285e+01   9.9110680565e+01
  1.4084092402e+03  -5.1550238420e+02  -2.3203291637e+02   1.0264669742e+02
  8.8742051217e+02   1.9477307240e+02   4.7309840687e+02   1.0073534318e+02
  9.1801422262e+02  -8.5440935584e+02   5.1316846814e+02   1.0643798400e+02
  1.5687543514e+03  -4.2644105103e+02  -1.5131978558e+02   9.7745630920e+01
  1.3867580547e+03  -5.3392975087e+02  -4.3209570480e+02   9.9426212657e+01
  1.0784475321e+03   2.3094972063e+02   5.2607898434e+02   1.0077647738e+02
  1.5451283125e+03  -6.7117401769e+02  -2.3787038677e+02   1.0462085500e+02
  1.6476902675e+03  -3.8385507144e+02  -3.2910235071e+02   1.0138017093e+02
  7.8415957141e+02   1.7175826038e+02   6.3897538372e+02   9.6007318458e+01
  1.7832095390e+03  -3.4974928144e+02  -1.8925595387e+02   9.6320847216e+01
  6.8271451754e+02   3.1407142081e+01   7.3264683758e+02   1.0087812192e+02
  4.9302521611e+02  -8.2519149023e-01   6.8137530139e+02   9.8244264638e+01
  1.0304179500e+03   3.9222387083e+02   6.3025203715e+02   9.7133141423e+01
  5.8964088227e+02   2.0208555102e+02   7.4610369703e+02   9.3993394536e+01
  1.5717120596e+03  -4.7316993736e+02  -4.9114636261e+02   9.8640065882e+01
  3.6711396400e+02  -1.2327616609e+02   7.6013556107e+02   9.4242262406e+01
  1.8850829889e+03  -2.1994184815e+02  -8.7709177185e+01   9.7431358972e+01
  2.6625475805e+02  -3.4403515313e+01   6.1908345778e+02   1.0060799632e+02
  1.8199227967e+03  -5.4816714770e+02  -1.6951868911e+02   1.0642794455e+02
  1.6005170490e+03  -6.6034999352e+02  -5.3295661340e+02   9.5303735017e+01
  1.5451319081e+02  -1.3947113521e+02   4.8829442011e+02   1.0096371543e+02
  1.0947507082e+03   7.0902567661e+02   7.6714392655e+02   9.8030672109e+01
  1.1426421711e+03   5.8225459094e+02   9.1039811559e+02   9.9165329514e+01
  1.3287614301e+03   6.4543959224e+02   9.6806888488e+02   1.0567275433e+02
  1.3083471836e+03   5.2830926698e+02   1.1201475094e+03   8.7366522971e+01
  1.5074392441e+03   6.2772061576e+02   1.0443952520e+03   8.9430904483e+01
  9.5228095473e+02   5.0614018466e+02   8.9553772807e+02   1.0638667520e+02
  1.0712057413e+03   8.9719739208e+02   7.4525256589e+02   9.2867708291e+01
  1.0546748198e+03   1.0131371286e+03   9.0208228280e+02   1.0286387827e+02
  8.7310813114e+02   4.2622663803e+02   7.3113839537e+02   9.2815863743e+01
  8.4601097246e+02   5.4309714243e+02   5.7505934690e+02   1.0404357895e+02
  9.7602914456e+02   5.1955366492e+02   4.1576485109e+02   1.0291959848e+02
  7.2556989342e+02   6.6476464482e+02   4.6254753826e+02   1.0081720730e+02
  7.4110265401e+02   8.6288441309e+02   4.2232661962e+02   1.0193986787e+02
  1.4329202876e+03   4.1435361733e+02   1.0467922074e+03   9.6713211587e+01
  1.4413016101e+03   7.3731478116e+02   1.1842651367e+03   1.0017039400e+02
  1.3620518410e+03   4.5999709718e+02   1.2872239474e+03   1.0095575114e+02
  1.4007261627e+03   6.5726657794e+02   1.3654451699e+03   1.0201834502e+02
  1.6443512637e+03   7.6637725020e+02   1.1900158658e+03   1.0502916704e+02
  5.8037477137e+02   7.4316514758e+02   5.7243215443e+02   9.7432360604e+01
  1.5863910731e+03   5.7508935965e+02   1.3583846892e+03   1.0114268603e+02
  1.7797118581e+03   8.7429797755e+02   1.0773243661e+03   1.0153498282e+02
  1.6958035627e+03   9.2120490305e+02   1.3186361147e+03   1.0272575970e+02
  1.6044390552e+03   8.7652923824e+02   1.4985303173e+03   1.0392687723e+02
  5.0271501908e+02   7.0333834564e+02   7.4918521507e+02   9.9694136155e+01
  5.5870347655e+02   9.3570884120e+02   5.8533765510e+02   9.6756390149e+01
  4.0613075132e+02   8.0059559090e+02   9.0051344840e+02   1.0448158898e+02
  1.8316965146e+03   1.0578073301e+03   1.1370306813e+03   9.8322293885e+01
  1.7841946922e+03   1.2261382460e+03   1.0374619786e+03   1.0293785349e+02
  5.8685125002e+02   9.7764836519e+02   3.9321878204e+02   9.2511993894e+01
  5.4019376633e+02   7.6454908937e+02   3.7554370066e+02   1.0464893333e+02
  6.7828407820e+02   1.1430308273e+03   3.2678093479e+02   1.0780103210e+02
  2.6245881537e+02   8.3750956594e+02   1.0410976579e+03   9.9891077213e+01
  1.7744725330e+03   1.2434143698e+03   1.2389020900e+03   9.9475345977e+01
  1.7936018557e+03   9.6638714359e+02   1.4898252076e+03   9.9540516481e+01
  1.9753253054e+03   1.1406347392e+03   1.0183774763e+03   1.0556049669e+02
  4.0040279947e+02   1.0081158454e+03   4.7009392964e+02   1.1145143514e+02
  6.3616768528e+02   1.1123230092e+03   1.2985507488e+02   9.5906000043e+01
  1.8744117199e+03   7.9683847943e+02   1.5374159608e+03   9.4216711681e+01
  2.6204012639e+03   1.7408821980e+03   1.1860689754e+03   1.0609683108e+02
  2.8125737616e+03   1.7981511745e+03   1.1218033470e+03   1.0447400153e+02
  2.5735358846e+03   1.5765301664e+03   1.0815242689e+03   9.4246748125e+01
  2.4032723724e+03   1.6319400548e+03   1.1611612666e+03   1.0171745958e+02
  2.3368902830e+03   1.6387988931e+03   9.7544068692e+02   9.5629339647e+01
  2.2940233325e+03   1.4607130073e+03   1.1622044443e+03   1.0139616066e+02
  2.1546687148e+03   1.5411139501e+03   1.0418048612e+03   9.9551794508e+01
  2.2377521702e+03   1.3743118275e+03   1.3374335886e+03   1.0191852300e+02
  2.0610206993e+03   1.4761649967e+03   1.3357746974e+03   1.0206881192e+02
  2.2985073178e+03   1.3061732551e+03   1.5234826884e+03   1.0532124286e+02
  2.6812371462e+03   1.8949426818e+03   9.9729133438e+02   1.0076036139e+02
  1.9306415291e+03   1.6309843368e+03   1.3762081787e+03   1.0433521541e+02
  1.9168214083e+03   1.3764990001e+03   1.4330335635e+03   9.8395732234e+01
  2.7943564375e+03   1.7583980092e+03   9.2309417734e+02   9.1452124650e+01
  1.7732906571e+03   1.6429244190e+03   1.2550246955e+03   9.4630357190e+01
  2.8686770143e+03   1.5870682654e+03   9.2661710012e+02   9.5336098317e+01
  1.7634838717e+03   1.4585085873e+03   1.3422746566e+03   9.7755106842e+01
  2.8598727786e+03   1.3993350873e+03   8.8795610382e+02   9.6538687260e+01
  2.9922601489e+03   1.5458560739e+03   1.0796613788e+03   1.0564595835e+02
  1.7254474153e+03   1.6088875131e+03   1.0657009026e+03   1.0358918092e+02
  1.6897678767e+03   1.4035418851e+03   1.1007421880e+03   1.0775827738e+02
  1.5955606285e+03   1.5374673978e+03   1.2287416398e+03   1.0007557023e+02
  2.8051843220e+03   1.2651155586e+03   7.4919151964e+02   1.0411354672e+02
  2.9407606223e+03   1.5842043590e+03   7.4190653696e+02   1.0296226435e+02
  3.0551657192e+03   1.3763092221e+03   9.4129655241e+02   1.0721294239e+02
  1.6227952797e+03   1.6332316359e+03   8.8666447672e+02   1.0421875699e+02
  3.0318883221e+03   1.1709220071e+03   9.1254726308e+02   1.0147885658e+02
  2.9402377625e+03   1.0530324284e+03   7.6872779416e+02   1.0584171037e+02
  3.1018408847e+03   1.5423460369e+03   6.2738904906e+02   9.9060568817e+01
  3.1775028874e+03   1.2968843651e+03   7.8346254894e+02   1.0769695334e+02
  3.0499813123e+03   1.0450746798e+03   5.9965936412e+02   9.5878656760e+01
  2.9954475602e+03   1.1039899774e+03   4.2747252976e+02   9.4103574874e+01
  1.7416468295e+03   1.4366212704e+03   1.5456425030e+03   1.0794951630e+02
  1.5340093882e+03   1.7160832250e+03   1.0435285156e+03   9.4158779712e+01
  1.5749043661e+03   1.8129848551e+03   8.0508802879e+02   9.8905530784e+01
  1.5094983932e+03   1.6664772830e+03   1.3531149054e+03   9.8718212463e+01
  2.9045471466e+03   9.0214462987e+02   5.5973089226e+02   1.1190579551e+02
  3.2286366765e+03   1.5126761006e+03   4.8410215447e+02   9.4559192822e+01
  2.8702978422e+03   5.0942114588e+02   1.2964708876e+03   9.5690842894e+01
  2.9357043821e+03   5.2646452259e+02   1.4776069807e+03   9.7645073024e+01
  3.0354312509e+03   7.0246168381e+02   1.4745627558e+03   1.0466586693e+02
  2.7219148876e+03   4.3215553730e+02   1.3996330016e+03   1.0085405591e+02
  2.9228253882e+03   7.9236784323e+02   1.6208478352e+03   1.0066927931e+02
  3.0748392667e+03   9.0464663460e+02   1.4668363599e+03   1.0146866008e+02
  2.9225669708e+03   7.8493692400e+02   1.8201352463e+03   9.8756791154e+01
  2.5674154471e+03   5.5699763859e+02   1.3519739877e+03   1.0341784378e+02
  2.4578571952e+03   5.3673466001e+02   1.5254184384e+03   1.0272913375e+02
  2.9295030752e+03   6.4753572476e+02   1.9546695284e+03   9.3666367927e+01
  3.0064506105e+03   1.0799359418e+03   1.3920882085e+03   1.0099278226e+02
  2.5672558786e+03   4.0260179521e+02   1.2060972380e+03   1.0899243845e+02
  2.4467719301e+03   5.4765398726e+02   1.1115866527e+03   1.0193117568e+02
  2.5681380410e+03   3.9579914204e+02   9.9837304150e+02   9.8844988695e+01
  2.6195412012e+03   5.3702548574e+02   8.6755534158e+02   1.0040469297e+02
  2.2728545275e+03   6.3263214741e+02   1.0432630423e+03   1.0334100058e+02
  2.8737894658e+03   9.7373537840e+02   1.8663481732e+03   1.0164215094e+02
  2.3071136491e+03   8.1990942417e+02   9.5741483505e+02   1.0550435007e+02
  3.0679401710e+03   1.0070993506e+03   1.8143174107e+03   1.0210978458e+02
  2.8962528721e+03   8.7143730178e+02   2.0369382293e+03   9.8533942384e+01
  2.5994643512e+03   6.8446043271e+02   7.2996896392e+02   1.0225303526e+02
  2.8140494433e+03   6.3819625493e+02   2.1100386960e+03   1.0012822709e+02
  2.0737700502e+03   6.2777400656e+02   1.0944221988e+03   1.0226904281e+02
  2.2705170879e+03   9.6253714067e+02   8.2704561765e+02   9.1163152708e+01
  2.9506027589e+03   1.1169180159e+03   1.9847352332e+03   9.9397759698e+01
  2.6055853304e+03   5.0419822583e+02   6.4310932082e+02   9.7938191360e+01
  2.8973016118e+03   4.6060528118e+02   2.1372133924e+03   9.7881726290e+01
  2.1826912262e+03   1.1052132723e+03   8.9886330434e+02   9.1121352040e+01
  3.1130037587e+03   1.0315432671e+03   2.0518780773e+03   9.5976481177e+01
  2.2646362384e+03   1.2703707985e+03   9.5263586134e+02   1.0092937401e+02
  3.0331958075e+03   5.7961236445e+02   2.1996995537e+03   9.3258114269e+01
  1.9002686890e+03   7.1726865022e+02   1.0456628716e+03   9.8950950220e+01
  3.1318263358e+03   4.3567665609e+02   2.0964598310e+03   1.0948287720e+02
  2.2720634386e+03   1.1745491166e+03   7.5141893582e+02   9.4713772388e+01
  1.7850430216e+03   6.1641616314e+02   1.1638891864e+03   9.4506125315e+01
  2.7966861207e+03   3.1900272156e+02   2.2400929639e+03   1.0400677806e+02
  2.4393390464e+03   1.2307101078e+03   6.6919817815e+02   9.9953736117e+01
  2.6037035667e+03   2.8901016786e+02   2.2902838632e+03   9.7638816403e+01
  3.0265028562e+03   4.4401455365e+02   2.7837430781e+03   1.0655481754e+02
  3.1847358054e+03   3.1252760898e+02   2.8206374664e+03   1.0246115968e+02
  2.9943661674e+03   5.4466349801e+02   2.9594924387e+03   9.8508135031e+01
  3.1900267505e+03   3.0170474614e+02   2.6168949068e+03   1.0163724561e+02
  3.3770770226e+03   2.9413487566e+02   2.6593928340e+03   9.0329368718e+01
  3.3953231644e+03   1.4095077402e+02   2.7742737727e+03   1.0201386813e+02
  3.4177257113e+03   2.7179662299e+02   2.4748050909e+03   9.9996531558e+01
  3.0094207044e+03   6.7894539555e+02   2.8295213283e+03   8.8977215439e+01
  3.4725278893e+03   5.5074000611e+01   2.6061401119e+03   1.0195749660e+02
  3.1761709823e+03   7.2459369661e+02   2.9332486060e+03   1.1263818746e+02
  2.8533961332e+03   4.6990976774e+02   3.0716680671e+03   9.6540685346e+01
  3.4675205217e+03   4.2074783034e+02   2.3454976983e+03   1.0343991330e+02
  3.3221078281e+03   4.9080602271e+02   2.2192365301e+03   1.0148662090e+02
  3.2061555323e+03   6.3850056296e+02   2.1782586685e+03   9.0705463363e+01
  3.4199948979e+03   6.6193544080e+02   2.1825701920e+03   9.9041622798e+01
  2.8305145347e+03   6.5927134372e+02   3.0067332206e+03   1.0494854090e+02
  2.9418998154e+03   4.2645833095e+02   3.2363589223e+03   9.5407242312e+01
  2.7102016243e+03   3.4182278675e+02   3.1059854888e+03   9.8622393893e+01
  2.7931228555e+03   5.6889345551e+02   3.2357794291e+03   1.0436520709e+02
  3.2900586638e+03   8.1459612450e+02   2.1950268127e+03   1.0181622912e+02
  3.4466575499e+03  -1.3022477881e+02   2.5172735735e+03   1.0517090263e+02
  3.5698028585e+03   5.3930894477e+02   2.1230300654e+03   1.0350395048e+02
  2.7710266506e+03   1.6580965152e+02   3.2007542556e+03   1.1033077487e+02
  2.8832930797e+03  -1.0798157760e+01   3.2539643716e+03   1.0559834743e+02
  2.6508803441e+03   4.7567357096e+02   3.3401097115e+03   9.5153430460e+01
  2.7670650671e+03   6.3243361678e+02   3.4263606598e+03   9.8212101347e+01
  3.2395140901e+03   1.0055969324e+03   2.2316037107e+03   9.9116426283e+01
  3.2594386653e+03   1.1550804280e+03   2.3547584442e+03   9.5586918743e+01
  3.4982820147e+03   8.4357555618e+02   2.1188516656e+03   1.0876130017e+02
  3.3065327067e+03   8.8871473836e+02   2.0003946192e+03   1.0710158672e+02
  2.8396043653e+03   4.7495710133e+02   3.5179372088e+03   9.7867135285e+01
  2.8722885818e+03   7.3903707856e+02   3.5455419277e+03   9.3204879953e+01
  2.8206670330e+03   9.0975783202e+02   3.5021947731e+03   9.0341669372e+01
  3.4198477527e+03   1.2578941109e+03   2.3127830978e+03   9.9512180143e+01
  3.6852934668e+03   6.4739687797e+02   1.9944347463e+03   1.0035344576e+02
  2.9308427017e+03  -2.0307249124e+02   3.2934888215e+03   9.6373353582e+01
  3.0261459222e+03   6.7194616625e+02   3.6541343426e+03   1.0670906229e+02
  3.0090442247e+03  -3.5722844652e+02   3.2128606371e+03   9.4363220979e+01
  3.5636874398e+03   1.8693786588e+03   2.6457850790e+03   9.0168720541e+01
  3.4708052436e+03   1.8039711058e+03   2.7913789582e+03   9.4500789697e+01
  3.5602067382e+03   1.8880596502e+03   2.9456490415e+03   1.0263563290e+02
  3.6720486259e+03   2.0603482437e+03   2.9337481093e+03   1.0311567199e+02
  3.8625256881e+03   1.9977148540e+03   2.9329988413e+03   9.7396208240e+01
  3.4024557501e+03   1.9787970344e+03   2.6126092770e+03   1.0748924794e+02
  3.6874546701e+03   2.2365118334e+03   3.0297939630e+03   9.8119917670e+01
  3.9240129176e+03   2.1747320644e+03   2.9937517433e+03   9.9597921847e+01
  3.3919441422e+03   1.7340506125e+03   2.6276354926e+03   1.0022946279e+02
  4.0526009529e+03   2.0995549765e+03   2.8562249774e+03   1.0313364627e+02
  3.3380447453e+03   1.6250619583e+03   2.7881921794e+03   1.0117093791e+02
  3.3173401226e+03   1.5818200816e+03   2.9875558316e+03   1.0387639111e+02
  3.2254690766e+03   1.5995811578e+03   2.6257334430e+03   9.8116275450e+01
  3.9889034840e+03   2.0912583494e+03   3.1585146482e+03   9.6170976453e+01
  4.0976737260e+03   2.1127699891e+03   2.6531209600e+03   1.0533081906e+02
  3.3391748190e+03   1.4188995150e+03   2.7535898966e+03   1.0787821430e+02
  3.2429935564e+03   1.3957835369e+03   2.9442424060e+03   1.0109448656e+02
  3.1790799850e+03   1.4046578158e+03   2.6233935971e+03   9.8965345580e+01
  3.0619854715e+03   1.4525394044e+03   3.0167365307e+03   1.0198321632e+02
  3.9276142331e+03   2.3406136730e+03   3.0871323474e+03   9.0795394157e+01
  3.9998893889e+03   2.3662849563e+03   2.9091653481e+03   1.0299564221e+02
  3.2747117949e+03   1.2071109557e+03   2.8836855402e+03   9.9580682689e+01
  3.3547213902e+03   1.1273311844e+03   2.7241901371e+03   9.5880645586e+01
  3.9763895956e+03   2.4077573679e+03   2.7078802249e+03   1.0385672548e+02
  4.1766889842e+03   2.3313250637e+03   2.8244051869e+03   9.6164032238e+01
  4.1292970555e+03   2.3939899302e+03   3.0606075157e+03   9.8122830106e+01
  3.3331477431e+03   1.1961781425e+03   2.5367205448e+03   1.0499288161e+02
  3.8923074962e+03   2.5963454549e+03   2.7190841863e+03   1.0293010861e+02
  3.1958561059e+03   1.1919814913e+03   3.0694369451e+03   1.0278212216e+02
  3.4868909560e+03   9.9217571824e+02   2.7108858694e+03   9.3626076444e+01
  3.0820657147e+03   1.1482851897e+03   2.8285913683e+03   1.0924544288e+02
  3.2181033850e+03   9.9672068510e+02   2.6736918681e+03   9.9755897689e+01
  3.8834755625e+03   2.6020061107e+03   2.9247600415e+03   1.0301309590e+02
  3.0223896316e+03   1.0942041468e+03   3.0770688487e+03   9.6489734211e+01
  3.7436350174e+03   2.6839445008e+03   2.6253661072e+03   9.3437345784e+01
  3.5123026926e+03   8.9286876380e+02   2.5496214641e+03   9.7459862306e+01
  2.9287132703e+03   1.0738349159e+03   2.7051090241e+03   1.0124851147e+02
  3.5480790222e+03   9.2416831691e+02   2.3515576468e+03   1.0622833932e+02
  3.8300149144e+03   2.9436592455e+03   2.6402067752e+03   9.6623811893e+01
  3.6940125831e+03   2.9213636495e+03   2.7822003509e+03   1.0125469439e+02
  3.9953038707e+03   2.9465722068e+03   2.7406240898e+03   9.6799458405e+01
  3.6984540081e+03   3.0129773510e+03   2.9529916804e+03   9.2607305025e+01
  3.5411466137e+03   3.0813852214e+03   2.8750898916e+03   9.5791054254e+01
  3.7389338127e+03   3.0088623384e+03   3.1328176723e+03   9.1764426142e+01
  3.9477298685e+03   2.7750843999e+03   2.6168600003e+03   1.1030458371e+02
  3.8233406848e+03   3.1832573808e+03   3.1161421870e+03   1.0269951056e+02
  3.4792844712e+03   3.2058626174e+03   3.0199447209e+03   1.0496867367e+02
  3.5365574888e+03   3.3976340580e+03   2.9689958201e+03   1.0155559724e+02
  4.1286468469e+03   2.8579040526e+03   2.6477560562e+03   8.8313648997e+01
  3.4452471521e+03   3.4113253521e+03   2.7775175903e+03   1.1102131030e+02
  4.0609549638e+03   2.9162810150e+03   2.4769913268e+03   1.0443139914e+02
  4.2369466898e+03   2.9807770709e+03   2.5395968405e+03   9.3185096043e+01
  4.3115295750e+03   2.8616353043e+03   2.6904376430e+03   9.9520672447e+01
  4.4141695406e+03   3.0050372298e+03   2.7794731208e+03   9.8030311057e+01
  4.3171075900e+03   2.6852929368e+03   2.5993658664e+03   9.9028599261e+01
  3.3163784681e+03   3.3098513076e+03   2.6509240807e+03   9.6174336508e+01
  3.5900576259e+03   3.5663997244e+03   3.0652214777e+03   9.9947484612e+01
  4.4150532175e+03   2.8269020476e+03   2.5144458328e+03   9.2955510257e+01
  3.2043244127e+03   3.2285772497e+03   2.8015284871e+03   1.0838194196e+02
  4.4457426095e+03   2.7738756895e+03   2.8279117999e+03   1.1169966852e+02
  4.5856302675e+03   3.1100219423e+03   2.7883566847e+03   1.0321453601e+02
  3.2304901993e+03   3.3863787489e+03   2.9332692597e+03   9.8841591152e+01
  4.3666037393e+03   2.5093736650e+03   2.7008797460e+03   1.1002289377e+02
  4.5502449401e+03   2.8131970023e+03   2.3847445422e+03   9.4892978926e+01
  3.3738130734e+03   3.5912231802e+03   2.6709954603e+03   1.0991537821e+02
  4.6221758514e+03   2.9881837060e+03   2.3712105949e+03   9.4784563753e+01
  4.7396641677e+03   3.2162505982e+03   2.7164753885e+03   9.7229696852e+01
  4.6988665962e+03   3.4148260037e+03   2.7208963084e+03   1.0554154873e+02
  4.6064605753e+03   2.6220805340e+03   2.3914846344e+03   1.0443371512e+02
  3.2020646198e+03   3.4153379228e+03   2.5305137881e+03   1.0053285827e+02
  4.8415858237e+03   3.1893844012e+03   2.5499049019e+03   9.9888398524e+01
  3.1048918491e+03   3.3824533407e+03   2.6936354146e+03   9.2165372493e+01
  3.2202521896e+03   3.6290935435e+03   2.8083504417e+03   9.9563738581e+01
  3.0202888383e+03   3.1432895621e+03   2.7295861184e+03   1.0683605617e+02
  4.8834028109e+03   3.0943694745e+03   2.7705312305e+03   9.8826009268e+01
  4.8065283477e+03   3.5826257201e+03   2.7268456707e+03   9.3915696065e+01
  3.1728200660e+03  -3.8815278648e+02   3.7957077905e+03   1.2089346160e+02
  3.3289621421e+03  -4.8800729404e+02   3.9128028542e+03   9.8338207106e+01
  3.4851389923e+03  -4.4705911038e+02   3.7952604072e+03   1.0137205584e+02
  3.1583631168e+03  -2.6931037290e+02   3.6140900923e+03   9.6632424107e+01
  3.3537511720e+03  -4.3594117374e+02   4.1057305050e+03   1.0302329696e+02
  3.5905289414e+03  -3.6136541015e+02   3.6424638880e+03   1.0307164775e+02
  3.2749447607e+03  -6.1722310687e+02   4.1428212382e+03   9.8096846776e+01
  3.4986455771e+03  -3.7720729893e+02   3.4638339498e+03   9.8428160951e+01
  3.2055605657e+03  -1.0124200009e+02   3.5223801281e+03   1.0056112204e+02
  3.0820122910e+03  -5.5955759449e+02   4.1470374008e+03   1.0331324534e+02
  3.1602029373e+03   4.6626695105e+01   3.6607008700e+03   1.0693609022e+02
  2.8970080864e+03  -4.7057521309e+02   4.1372037458e+03   1.0221320239e+02
  3.1126090074e+03  -5.3126909429e+02   4.3426438712e+03   9.6682478472e+01
  2.8657616774e+03  -6.7349271774e+02   4.1631868109e+03   1.0473358169e+02
  3.5902584154e+03  -2.0984438665e+02   3.4429994914e+03   9.3502376532e+01
  3.1353607548e+03  -8.8565022771e+01   3.3348421678e+03   1.0008584592e+02
  3.0230192234e+03  -7.4414771744e+02   4.2887139422e+03   1.0852477203e+02
  3.5291849337e+03  -4.1784537416e+02   3.2752337946e+03   9.6902645597e+01
  3.2478125270e+03  -5.1582965940e+02   4.4936061004e+03   1.0656112541e+02
  3.1345520595e+03   1.9098182135e+02   3.5177338446e+03   9.7846575931e+01
  3.6250758811e+03  -5.8242305988e+02   3.2828516164e+03   9.3725053430e+01
  3.7911152129e+03  -5.3571232995e+02   3.3571757855e+03   9.4091437079e+01
  3.8823378910e+03  -6.4971306226e+02   3.4849276859e+03   9.9914470076e+01
  3.6301105031e+03  -7.6081123582e+02   3.2145991179e+03   9.7340621886e+01
  3.1624319096e+03  -7.0268297274e+02   4.4993814128e+03   9.8956184747e+01
  3.0016920081e+03  -9.1906040637e+02   4.3848531049e+03   9.2203993914e+01
  2.9469762890e+03   2.4069962064e+02   3.5567975421e+03   1.0009912802e+02
  3.5392698891e+03  -9.3828463913e+02   3.2442484682e+03   1.0422304052e+02
  3.0609345689e+03   3.6691176729e+02   3.6600720967e+03   9.8852195552e+01
  2.8791779066e+03   2.3993643600e+02   3.3742779338e+03   9.4607344743e+01
  3.3179319858e+03  -8.1746149659e+02   4.5434903741e+03   9.9286050148e+01
  3.1392598648e+03   4.9214850231e+02   3.7781566234e+03   9.0259007752e+01
  2.7344726172e+03   2.6158685441e+02   3.5097988621e+03   1.0482756545e+02
  3.5034464082e+03  -7.6811730281e+02   4.5838785382e+03   9.6881363495e+01
  3.0193598531e+03  -8.2131522388e+02   4.5818295903e+03   1.0436849735e+02
  3.8138464919e+03  -8.2573179174e+02   3.2084282305e+03   9.7625200809e+01
  3.3520719367e+03  -1.0206671565e+03   4.5217098630e+03   1.0791546317e+02
  3.8965379188e+03  -9.5672236092e+02   3.3333275591e+03   1.0136284798e+02
  3.3323374885e+03  -1.3010172127e+03   4.7952785893e+03   1.0034059332e+02
  3.3555370550e+03  -1.4958266344e+03   4.8053523436e+03   9.6103829358e+01
  3.2767558449e+03  -1.2662611916e+03   4.6047229219e+03   1.0117556605e+02
  3.3883733608e+03  -1.2107005885e+03   4.9688909834e+03   1.0322358569e+02
  3.2068241097e+03  -1.1465192525e+03   5.0376719683e+03   1.0125183666e+02
  3.1040561573e+03  -1.0071011354e+03   4.9440350705e+03   9.5640347227e+01
  3.2744250726e+03  -1.1112230963e+03   5.2209071048e+03   9.7219380537e+01
  3.1214047572e+03  -8.9765168384e+02   5.1039218343e+03   9.8894825966e+01
  3.1459886430e+03  -1.1731825757e+03   5.3539322873e+03   9.7794959274e+01
  3.5345623456e+03  -1.5268989741e+03   4.8678826230e+03   9.6056470421e+01
  3.2428895524e+03  -1.6293664168e+03   4.7220896289e+03   9.7429147177e+01
  2.9849764606e+03  -1.2965320606e+03   5.3551659207e+03   1.0503881536e+02
  3.1543211703e+03  -7.2566070795e+02   5.0166080466e+03   9.6778584514e+01
  3.3781255039e+03  -1.3858932010e+03   4.4802698879e+03   9.9014801184e+01
  3.2435381674e+03  -1.2867836523e+03   4.3774721958e+03   9.7209099713e+01
  3.2345281114e+03  -1.0427969251e+03   5.4769424796e+03   1.0213293469e+02
  3.4098020245e+03  -1.1665278381e+03   4.3733059865e+03   1.0802853894e+02
  3.1206951589e+03  -1.2366556565e+03   5.5378119439e+03   9.8369054838e+01
  3.2062342225e+03  -1.3916876978e+03   5.5943587992e+03   8.7505666675e+01
  3.3830471481e+03  -1.4741746558e+03   5.5584277298e+03   1.1088271661e+02
  3.2480822755e+03  -1.8075097357e+03   4.6237684988e+03   1.0611212890e+02
  3.2745671117e+03  -1.2672567019e+03   5.7104396755e+03   9.5871611961e+01
  3.2300617007e+03  -5.4275828949e+02   4.9960623111e+03   1.0224917706e+02
  3.0751987768e+03  -1.2756939745e+03   4.2809909330e+03   9.7135350826e+01
  3.0782360552e+03  -1.4788241559e+03   4.2906992003e+03   1.0624937347e+02
  3.0399425731e+03  -4.8483011545e+02   4.9757811926e+03   9.7531402027e+01
  3.1379728260e+03  -1.1141573010e+03   5.7237561676e+03   1.0973664278e+02
  2.8963123227e+03  -1.2720881350e+03   4.2222899511e+03   9.1170705423e+01
  3.2835284148e+03  -1.5942261479e+03   5.7059630562e+03   1.0378682374e+02
  3.3993581635e+03  -1.9123357705e+03   4.5244474289e+03   1.0302315455e+02
  3.4031513982e+03  -2.0565396087e+03   4.6626164738e+03   9.6726239845e+01
  3.2610373143e+03  -3.8330684824e+02   4.8901105211e+03   9.1683885005e+01
  2.9551161576e+03  -1.0520038675e+03   5.8007129353e+03   9.8162261914e+01
  2.8932877797e+03  -4.2015624261e+02   5.0959968677e+03   1.0282364984e+02
  3.2114015924e+03  -2.0925392708e+03   4.6567566025e+03   9.8461622880e+01
  3.5936794008e+03  -2.0616686673e+03   4.6535773931e+03   9.4085007234e+01
  3.4704871232e+03  -2.1824048947e+03   4.7916051403e+03   9.5664628418e+01
  3.3741959239e+03  -2.1164254340e+03   4.4804405043e+03   9.7213996893e+01
  3.0611848454e+03  -3.7358337700e+01   3.1583262269e+03   9.8111196256e+01
  3.1788742381e+03   8.9469048528e+01   3.2509151844e+03   9.8125125816e+01
  3.0752071083e+03   2.5259958138e+02   3.2593826154e+03   9.5343584709e+01
  3.3320454453e+03   2.8269732098e+01   3.3700768127e+03   1.0536017757e+02
